#AC SAF offline surface UV, time-series
#OUV EXTRACTOR VERSION: 1.20
#LONGITUDE: -66.800 (0-based index 226)
#LATITUDE: -23.500 (0-based index 133)
#COLUMN DEFINITIONS
#0: Date [YYYYMMDD]
#1: DailyDosePlant [kJ/m2]
#2: DailyDoseUva [kJ/m2]
#3: DailyDoseUvb [kJ/m2]
#4: DailyMaxDoseRatePlant [mW/m2]
#5: DailyMaxDoseRateUva [mW/m2]
#6: DailyMaxDoseRateUvb [mW/m2]
#7: SolarNoonUvIndex [-]
#8: QC_MISSING
#9: QC_LOW_QUALITY
#10: QC_MEDIUM_QUALITY
#11: QC_INHOMOG_SURFACE
#12: QC_POLAR_NIGHT
#13: QC_LOW_SUN
#14: QC_OUTOFRANGE_INPUT
#15: QC_NO_CLOUD_DATA
#16: QC_POOR_DIURNAL_CLOUDS
#17: QC_THICK_CLOUDS
#18: QC_ALB_CLIM_IN_DYN_REG
#19: QC_LUT_OVERFLOW
#20: QC_OZONE_SOURCE
#21: QC_NUM_AM_COT
#22: QC_NUM_PM_COT
#23: QC_NOON_TO_COT
#24: Algorithm version
#DATA
20231001  8.657e+00  1.476e+03  4.438e+01  4.720e+02  5.933e+04  2.183e+03  1.235e+01 0 0 1 1 0 0 0 0 0 0 0 1  1  1  0  2 2.2
20231002 -9.999e+03 -9.999e+03 -9.999e+03 -9.999e+03 -9.999e+03 -9.999e+03 -9.999e+03 1 1 1 1 0 0 0 0 0 0 0 0  0  0  0  0 2.2
20231003  8.757e+00  1.454e+03  4.444e+01  4.764e+02  5.856e+04  2.182e+03  1.241e+01 0 0 1 1 0 0 0 0 0 0 0 1  1  1  0  3 2.2
20231004  8.452e+00  1.452e+03  4.355e+01  4.603e+02  5.844e+04  2.140e+03  1.207e+01 0 0 1 1 0 0 0 0 0 0 0 1  1  1  0  3 2.2
20231005  8.970e+00  1.499e+03  4.560e+01  4.856e+02  5.987e+04  2.227e+03  1.266e+01 0 0 1 1 0 0 0 0 0 0 0 1  2  2  0  2 2.2
20231006  8.302e+00  1.510e+03  4.380e+01  4.514e+02  6.023e+04  2.147e+03  1.195e+01 0 0 1 1 0 0 0 0 0 0 0 1  1  1  0  2 2.2
20231007  8.455e+00  1.491e+03  4.405e+01  4.589e+02  5.962e+04  2.157e+03  1.208e+01 0 0 1 1 0 0 0 0 0 0 0 1  1  1  0  2 2.2
20231008  8.711e+00  1.488e+03  4.478e+01  4.714e+02  5.946e+04  2.186e+03  1.234e+01 0 0 1 1 0 0 0 0 0 0 0 1  1  1  0  3 2.2
20231009  8.312e+00  1.504e+03  4.379e+01  4.506e+02  5.993e+04  2.141e+03  1.192e+01 0 0 1 1 0 0 0 0 0 0 0 1  1  1  0  3 2.2
20231010  9.954e+00  1.576e+03  4.941e+01  5.321e+02  6.215e+04  2.382e+03  1.374e+01 0 0 1 1 0 0 0 0 0 0 0 1  2  1  0  2 2.2
20231011  8.747e+00  1.512e+03  4.522e+01  4.717e+02  6.013e+04  2.199e+03  1.237e+01 0 0 1 1 0 0 0 0 0 0 0 1  1  1  0  2 2.2
20231012  8.177e+00  1.536e+03  4.375e+01  4.423e+02  6.086e+04  2.133e+03  1.179e+01 0 0 1 1 0 0 0 0 0 0 0 1  1  1  0  3 2.2
20231013  8.242e+00  1.520e+03  4.378e+01  4.452e+02  6.029e+04  2.132e+03  1.182e+01 0 0 1 1 0 0 0 0 0 0 0 1  1  1  0  3 2.2
20231014  8.525e+00  1.541e+03  4.489e+01  4.591e+02  6.098e+04  2.180e+03  1.214e+01 0 0 1 1 0 0 0 0 0 0 0 1  2  2  0  2 2.2
20231015  8.543e+00  1.594e+03  4.551e+01  4.589e+02  6.254e+04  2.203e+03  1.220e+01 0 0 1 1 0 0 0 0 0 0 0 1  1  1  0  2 2.2
20231016  8.991e+00  1.563e+03  4.655e+01  4.813e+02  6.158e+04  2.247e+03  1.263e+01 0 0 1 1 0 0 0 0 0 0 0 1  1  1  0  2 2.2
20231017  8.506e+00  1.559e+03  4.506e+01  4.565e+02  6.140e+04  2.180e+03  1.211e+01 0 0 1 1 0 0 0 0 0 0 0 1  1  1  0  3 2.2
20231018  8.195e+00  1.491e+03  4.336e+01  4.406e+02  5.911e+04  2.103e+03  1.168e+01 0 0 1 1 0 0 0 0 0 0 0 1  1  1  0  3 2.2
20231019  7.314e+00  1.281e+03  3.819e+01  3.863e+02  4.945e+04  1.813e+03  1.016e+01 0 0 1 1 0 0 0 0 0 0 0 1  2  2  0  2 2.2
20231020  9.987e+00  1.615e+03  5.004e+01  5.282e+02  6.298e+04  2.387e+03  1.368e+01 0 0 1 1 0 0 0 0 0 0 0 1  1  1  0  2 2.2
20231021  9.381e+00  1.546e+03  4.745e+01  4.982e+02  6.077e+04  2.274e+03  1.296e+01 0 0 1 1 0 0 0 0 0 0 0 1  1  1  0  2 2.2
20231022  8.798e+00  1.459e+03  4.475e+01  4.688e+02  5.779e+04  2.153e+03  1.222e+01 0 0 1 1 0 0 0 0 0 0 0 1  1  1  0  3 2.2
20231023  9.458e+00  1.564e+03  4.793e+01  5.009e+02  6.125e+04  2.291e+03  1.304e+01 0 0 1 1 0 0 0 0 0 0 0 1  1  1  0  3 2.2
20231024  1.081e+01  1.662e+03  5.303e+01  5.671e+02  6.449e+04  2.510e+03  1.457e+01 0 0 1 1 0 0 0 0 0 0 0 1  2  2  0  2 2.2
20231025  9.897e+00  1.627e+03  4.998e+01  5.211e+02  6.314e+04  2.373e+03  1.354e+01 0 0 1 1 0 0 0 0 0 0 0 1  1  1  0  2 2.2
20231026 -9.999e+03 -9.999e+03 -9.999e+03 -9.999e+03 -9.999e+03 -9.999e+03 -9.999e+03 1 1 1 1 0 0 0 0 0 0 0 0  0  0  0  0 2.2
20231027  8.779e+00  1.579e+03  4.615e+01  4.653e+02  6.155e+04  2.205e+03  1.230e+01 0 0 1 1 0 0 0 0 0 0 0 1  1  1  0  3 2.2
20231028  8.774e+00  1.591e+03  4.627e+01  4.645e+02  6.189e+04  2.209e+03  1.229e+01 0 0 1 1 0 0 0 0 0 0 0 1  1  1  0  3 2.2
20231029  9.703e+00  1.672e+03  4.998e+01  5.099e+02  6.454e+04  2.368e+03  1.336e+01 0 0 1 1 0 0 0 0 0 0 0 1  2  2  0  2 2.2
20231030  1.014e+01  1.625e+03  5.066e+01  5.307e+02  6.286e+04  2.391e+03  1.373e+01 0 0 1 1 0 0 0 0 0 0 0 1  1  1  0  2 2.2
20231031  9.706e+00  1.598e+03  4.909e+01  5.089e+02  6.194e+04  2.322e+03  1.323e+01 0 0 1 1 0 0 0 0 0 0 0 1  1  1  0  2 2.2
20231101  9.650e+00  1.583e+03  4.875e+01  5.058e+02  6.142e+04  2.305e+03  1.315e+01 0 0 1 1 0 0 0 0 0 0 0 1  1  1  0  3 2.2
20231102  9.818e+00  1.594e+03  4.932e+01  5.135e+02  6.173e+04  2.328e+03  1.332e+01 0 0 1 1 0 0 0 0 0 0 0 1  1  1  0  3 2.2
20231103 -9.999e+03 -9.999e+03 -9.999e+03 -9.999e+03 -9.999e+03 -9.999e+03 -9.999e+03 1 1 1 1 0 0 0 0 0 0 0 0  0  0  0  0 2.2
20231104  9.958e+00  1.621e+03  5.008e+01  5.192e+02  6.250e+04  2.356e+03  1.347e+01 0 0 1 1 0 0 0 0 0 0 0 1  1  1  0  2 2.2
20231105  9.849e+00  1.595e+03  4.941e+01  5.134e+02  6.159e+04  2.325e+03  1.331e+01 0 0 1 1 0 0 0 0 0 0 0 1  1  1  0  3 2.2
20231106  9.595e+00  1.613e+03  4.890e+01  5.006e+02  6.214e+04  2.301e+03  1.306e+01 0 0 1 1 0 0 0 0 0 0 0 1  1  1  0  3 2.2
20231107  9.895e+00  1.645e+03  5.023e+01  5.144e+02  6.310e+04  2.355e+03  1.340e+01 0 0 1 1 0 0 0 0 0 0 0 1  1  1  0  3 2.2
20231108  1.038e+01  1.691e+03  5.218e+01  5.372e+02  6.445e+04  2.435e+03  1.393e+01 0 0 1 1 0 0 0 0 0 0 0 1  2  1  0  2 2.2
20231109  9.582e+00  1.639e+03  4.926e+01  4.983e+02  6.279e+04  2.310e+03  1.304e+01 0 0 1 1 0 0 0 0 0 0 0 1  1  1  0  2 2.2
20231110  5.057e+00  8.177e+02  2.599e+01  2.643e+02  3.224e+04  1.230e+03  6.908e+00 0 0 1 1 0 0 0 0 0 0 0 1  1  1  0  3 2.2
20231111  1.023e+01  1.612e+03  5.081e+01  5.291e+02  6.186e+04  2.371e+03  1.366e+01 0 0 1 1 0 0 0 0 0 0 0 1  1  1  0  3 2.2
20231112  9.930e+00  1.483e+03  4.830e+01  5.092e+02  5.653e+04  2.234e+03  1.304e+01 0 0 1 1 0 0 0 0 0 0 0 1  2  2  0  2 2.2
20231113  1.066e+01  1.705e+03  5.314e+01  5.483e+02  6.465e+04  2.464e+03  1.417e+01 0 0 1 1 0 0 0 0 0 0 0 1  1  1  0  2 2.2
20231114  1.006e+01  1.626e+03  5.046e+01  5.193e+02  6.218e+04  2.351e+03  1.346e+01 0 0 1 1 0 0 0 0 0 0 0 1  1  1  0  2 2.2
20231115  1.026e+01  1.582e+03  5.048e+01  5.287e+02  6.070e+04  2.349e+03  1.361e+01 0 0 1 1 0 0 0 0 0 0 0 1  1  1  0  3 2.2
20231116  1.083e+01  1.648e+03  5.290e+01  5.556e+02  6.276e+04  2.449e+03  1.426e+01 0 0 1 1 0 0 0 0 0 0 0 1  1  1  0  3 2.2
20231117  1.136e+01  1.704e+03  5.508e+01  5.815e+02  6.474e+04  2.544e+03  1.489e+01 0 0 1 1 0 0 0 0 0 0 0 1  2  2  0  2 2.2
20231118  1.072e+01  1.704e+03  5.329e+01  5.489e+02  6.443e+04  2.461e+03  1.418e+01 0 0 1 1 0 0 0 0 0 0 0 1  1  1  0  2 2.2
20231119  9.635e+00  1.641e+03  4.943e+01  4.968e+02  6.245e+04  2.299e+03  1.300e+01 0 0 1 1 0 0 0 0 0 0 0 1  1  1  0  2 2.2
20231120  1.020e+01  1.643e+03  5.111e+01  5.237e+02  6.244e+04  2.367e+03  1.357e+01 0 0 1 1 0 0 0 0 0 0 0 1  1  1  0  3 2.2
20231121  1.070e+01  1.687e+03  5.306e+01  5.469e+02  6.379e+04  2.446e+03  1.411e+01 0 0 1 1 0 0 0 0 0 0 0 1  1  1  0  3 2.2
20231122  1.148e+01  1.735e+03  5.581e+01  5.840e+02  6.535e+04  2.561e+03  1.496e+01 0 0 1 1 0 0 0 0 0 0 0 1  2  2  0  2 2.2
20231123  8.300e+00  1.321e+03  4.169e+01  4.280e+02  5.111e+04  1.944e+03  1.110e+01 0 0 1 1 0 0 0 0 0 0 0 1  1  1  0  2 2.2
20231124  9.765e+00  1.583e+03  4.908e+01  5.011e+02  6.032e+04  2.273e+03  1.300e+01 0 0 1 1 0 0 0 0 0 0 0 1  1  1  0  2 2.2
20231125  1.045e+01  1.663e+03  5.203e+01  5.337e+02  6.284e+04  2.396e+03  1.379e+01 0 0 1 1 0 0 0 0 0 0 0 1  1  1  0  3 2.2
20231126  1.076e+01  1.689e+03  5.321e+01  5.478e+02  6.365e+04  2.444e+03  1.412e+01 0 0 1 1 0 0 0 0 0 0 0 1  1  1  0  3 2.2
20231127  1.192e+01  1.727e+03  5.688e+01  6.027e+02  6.484e+04  2.595e+03  1.535e+01 0 0 1 1 0 0 0 0 0 0 0 1  2  2  0  2 2.2
20231128  1.064e+01  1.676e+03  5.269e+01  5.415e+02  6.317e+04  2.420e+03  1.397e+01 0 0 1 1 0 0 0 0 0 0 0 1  1  1  0  2 2.2
20231129  1.059e+01  1.679e+03  5.261e+01  5.387e+02  6.327e+04  2.416e+03  1.392e+01 0 0 1 1 0 0 0 0 0 0 0 1  1  1  0  2 2.2
20231130  1.099e+01  1.689e+03  5.384e+01  5.576e+02  6.351e+04  2.464e+03  1.433e+01 0 0 1 1 0 0 0 0 0 0 0 1  1  1  0  3 2.2
20231201  1.093e+01  1.709e+03  5.392e+01  5.542e+02  6.411e+04  2.467e+03  1.428e+01 0 0 1 1 0 0 0 0 0 0 0 1  1  1  0  3 2.2
20231202  1.155e+01  1.729e+03  5.586e+01  5.827e+02  6.462e+04  2.543e+03  1.491e+01 0 0 1 1 0 0 0 0 0 0 0 1  2  2  0  2 2.2
20231203  1.072e+01  1.647e+03  5.250e+01  5.442e+02  6.212e+04  2.405e+03  1.399e+01 0 0 1 1 0 0 0 0 0 0 0 1  1  1  0  2 2.2
20231204  1.028e+01  1.641e+03  5.120e+01  5.231e+02  6.190e+04  2.350e+03  1.353e+01 0 0 1 1 0 0 0 0 0 0 0 1  1  1  0  2 2.2
20231205  1.064e+01  1.656e+03  5.237e+01  5.395e+02  6.234e+04  2.397e+03  1.390e+01 0 0 1 1 0 0 0 0 0 0 0 1  1  1  0  3 2.2
20231206  1.084e+01  1.681e+03  5.322e+01  5.489e+02  6.310e+04  2.431e+03  1.412e+01 0 0 1 1 0 0 0 0 0 0 0 1  1  1  0  3 2.2
20231207  1.253e+01  1.713e+03  5.821e+01  6.282e+02  6.407e+04  2.635e+03  1.587e+01 0 0 1 1 0 0 0 0 0 0 0 1  2  1  0  2 2.2
20231208  1.079e+01  1.630e+03  5.246e+01  5.463e+02  6.143e+04  2.397e+03  1.401e+01 0 0 1 1 0 0 0 0 0 0 0 1  1  1  0  2 2.2
20231209  1.056e+01  1.635e+03  5.186e+01  5.349e+02  6.155e+04  2.372e+03  1.377e+01 0 0 1 1 0 0 0 0 0 0 0 1  1  1  0  2 2.2
20231210  1.087e+01  1.687e+03  5.340e+01  5.496e+02  6.323e+04  2.436e+03  1.414e+01 0 0 1 1 0 0 0 0 0 0 0 1  1  1  0  3 2.2
20231211  1.073e+01  1.679e+03  5.282e+01  5.433e+02  6.298e+04  2.413e+03  1.400e+01 0 0 1 1 0 0 0 0 0 0 0 1  2  2  0  1 2.2
20231212  1.070e+01  1.597e+03  5.170e+01  5.411e+02  6.027e+04  2.361e+03  1.385e+01 0 0 1 1 0 0 0 0 0 0 0 1  1  1  0  2 2.2
20231213  1.077e+01  1.587e+03  5.178e+01  5.445e+02  5.994e+04  2.364e+03  1.391e+01 0 0 1 1 0 0 0 0 0 0 0 1  2  1  0  2 2.2
20231214  9.626e+00  1.487e+03  4.732e+01  4.891e+02  5.653e+04  2.172e+03  1.260e+01 0 0 1 1 0 0 0 0 0 0 0 1  1  1  0  2 2.2
20231215  1.103e+01  1.666e+03  5.346e+01  5.568e+02  6.253e+04  2.437e+03  1.427e+01 0 0 1 1 0 0 0 0 0 0 0 1  1  1  0  3 2.2
20231216  1.146e+01  1.675e+03  5.473e+01  5.766e+02  6.274e+04  2.487e+03  1.470e+01 0 0 1 1 0 0 0 0 0 0 0 1  2  2  0  1 2.2
20231217  1.109e+01  1.619e+03  5.303e+01  5.594e+02  6.097e+04  2.415e+03  1.427e+01 0 0 1 1 0 0 0 0 0 0 0 1  1  1  0  2 2.2
20231218  1.045e+01  1.597e+03  5.107e+01  5.289e+02  6.022e+04  2.333e+03  1.359e+01 0 0 1 1 0 0 0 0 0 0 0 1  1  1  0  2 2.2
20231219  1.093e+01  1.631e+03  5.283e+01  5.516e+02  6.135e+04  2.407e+03  1.412e+01 0 0 1 1 0 0 0 0 0 0 0 1  1  1  0  2 2.2
20231220 -9.999e+03 -9.999e+03 -9.999e+03 -9.999e+03 -9.999e+03 -9.999e+03 -9.999e+03 1 1 1 1 0 0 0 0 0 0 0 0  0  0  0  0 2.2
20231221  1.318e+01  1.738e+03  6.024e+01  6.584e+02  6.494e+04  2.718e+03  1.655e+01 0 0 1 1 0 0 0 0 0 0 0 1  2  2  0  1 2.2
20231222  1.235e+01  1.692e+03  5.745e+01  6.183e+02  6.333e+04  2.598e+03  1.563e+01 0 0 1 1 0 0 0 0 0 0 0 1  2  1  0  2 2.2
20231223  1.135e+01  1.621e+03  5.386e+01  5.714e+02  6.105e+04  2.449e+03  1.453e+01 0 0 1 1 0 0 0 0 0 0 0 1  1  1  0  2 2.2
20231224  1.139e+01  1.640e+03  5.421e+01  5.734e+02  6.163e+04  2.464e+03  1.460e+01 0 0 1 1 0 0 0 0 0 0 0 1  1  1  0  2 2.2
20231225  1.179e+01  1.678e+03  5.573e+01  5.919e+02  6.284e+04  2.527e+03  1.504e+01 0 0 1 1 0 0 0 0 0 0 0 1  1  1  0  3 2.2
20231226  1.166e+01  1.577e+03  5.410e+01  5.826e+02  5.907e+04  2.441e+03  1.471e+01 0 0 1 1 0 0 0 0 0 0 0 1  2  2  0  1 2.2
20231227  1.189e+01  1.675e+03  5.600e+01  5.968e+02  6.278e+04  2.539e+03  1.514e+01 0 0 1 1 0 0 0 0 0 0 0 1  1  1  0  2 2.2
20231228  1.175e+01  1.657e+03  5.545e+01  5.905e+02  6.222e+04  2.517e+03  1.499e+01 0 0 1 1 0 0 0 0 0 0 0 1  1  1  0  2 2.2
20231229  1.159e+01  1.703e+03  5.560e+01  5.829e+02  6.365e+04  2.523e+03  1.487e+01 0 0 1 1 0 0 0 0 0 0 0 1  1  1  0  2 2.2
20231230  7.977e+00  1.146e+03  3.846e+01  4.041e+02  4.399e+04  1.764e+03  1.033e+01 0 0 1 1 0 0 0 0 0 0 0 1  1  1  0  3 2.2
20231231 -9.999e+03 -9.999e+03 -9.999e+03 -9.999e+03 -9.999e+03 -9.999e+03 -9.999e+03 1 1 1 1 0 0 0 0 0 0 0 0  0  0  0  0 2.2
20240101  1.188e+01  1.705e+03  5.644e+01  5.971e+02  6.380e+04  2.560e+03  1.519e+01 0 0 1 1 0 0 0 0 0 0 0 1  1  1  0  2 2.2
20240102  1.162e+01  1.687e+03  5.549e+01  5.849e+02  6.325e+04  2.522e+03  1.490e+01 0 0 1 1 0 0 0 0 0 0 0 1  1  1  0  2 2.2
20240103  1.153e+01  1.740e+03  5.601e+01  5.804e+02  6.487e+04  2.544e+03  1.487e+01 0 0 1 1 0 0 0 0 0 0 0 1  1  1  0  3 2.2
20240104  1.185e+01  1.768e+03  5.727e+01  5.956e+02  6.580e+04  2.597e+03  1.523e+01 0 0 1 1 0 0 0 0 0 0 0 1  1  1  0  3 2.2
20240105  1.286e+01  1.787e+03  6.029e+01  6.436e+02  6.648e+04  2.722e+03  1.629e+01 0 0 1 1 0 0 0 0 0 0 0 1  2  1  0  2 2.2
20240106  1.223e+01  1.762e+03  5.825e+01  6.143e+02  6.573e+04  2.641e+03  1.563e+01 0 0 1 1 0 0 0 0 0 0 0 1  1  1  0  2 2.2
20240107  1.192e+01  1.748e+03  5.722e+01  6.001e+02  6.529e+04  2.599e+03  1.531e+01 0 0 1 1 0 0 0 0 0 0 0 1  1  1  0  2 2.2
20240108  1.180e+01  1.724e+03  5.659e+01  5.945e+02  6.454e+04  2.573e+03  1.516e+01 0 0 1 1 0 0 0 0 0 0 0 1  1  1  0  3 2.2
20240109 -9.999e+03 -9.999e+03 -9.999e+03 -9.999e+03 -9.999e+03 -9.999e+03 -9.999e+03 1 1 1 1 0 0 0 0 0 0 0 0  0  0  0  0 2.2
20240110  1.230e+01  1.760e+03  5.834e+01  6.185e+02  6.563e+04  2.646e+03  1.572e+01 0 0 1 1 0 0 0 0 0 0 0 1  1  1  0  2 2.2
20240111  1.157e+01  1.707e+03  5.570e+01  5.847e+02  6.414e+04  2.542e+03  1.494e+01 0 0 1 1 0 0 0 0 0 0 0 1  1  1  0  2 2.2
20240112  1.170e+01  1.720e+03  5.623e+01  5.912e+02  6.459e+04  2.565e+03  1.509e+01 0 0 1 1 0 0 0 0 0 0 0 1  1  1  0  2 2.2
20240113  1.227e+01  1.776e+03  5.859e+01  6.180e+02  6.632e+04  2.662e+03  1.573e+01 0 0 1 1 0 0 0 0 0 0 0 1  1  1  0  3 2.2
20240114  1.256e+01  1.817e+03  5.992e+01  6.332e+02  6.778e+04  2.724e+03  1.611e+01 0 0 1 1 0 0 0 0 0 0 0 1  2  2  0  1 2.2
20240115  1.202e+01  1.743e+03  5.747e+01  6.072e+02  6.536e+04  2.619e+03  1.547e+01 0 0 1 1 0 0 0 0 0 0 0 1  1  1  0  2 2.2
20240116  1.255e+01  1.748e+03  5.895e+01  6.325e+02  6.557e+04  2.682e+03  1.602e+01 0 0 1 1 0 0 0 0 0 0 0 1  1  1  0  2 2.2
20240117  1.159e+01  1.654e+03  5.517e+01  5.883e+02  6.271e+04  2.528e+03  1.496e+01 0 0 1 1 0 0 0 0 0 0 0 1  1  1  0  2 2.2
20240118  1.221e+01  1.737e+03  5.784e+01  6.177e+02  6.531e+04  2.640e+03  1.569e+01 0 0 1 1 0 0 0 0 0 0 0 1  1  1  0  3 2.2
20240119  1.290e+01  1.768e+03  6.026e+01  6.536e+02  6.687e+04  2.758e+03  1.652e+01 0 0 1 1 0 0 0 0 0 0 0 1  2  2  0  1 2.2
20240120  1.286e+01  1.828e+03  6.091e+01  6.477e+02  6.806e+04  2.766e+03  1.644e+01 0 0 1 1 0 0 0 0 0 0 0 1  1  1  0  2 2.2
20240121  1.245e+01  1.820e+03  5.980e+01  6.285e+02  6.785e+04  2.722e+03  1.602e+01 0 0 1 1 0 0 0 0 0 0 0 1  1  1  0  2 2.2
20240122  1.237e+01  1.779e+03  5.906e+01  6.261e+02  6.675e+04  2.697e+03  1.593e+01 0 0 1 1 0 0 0 0 0 0 0 1  1  1  0  2 2.2
20240123  1.259e+01  1.811e+03  6.007e+01  6.365e+02  6.775e+04  2.739e+03  1.619e+01 0 0 1 1 0 0 0 0 0 0 0 1  1  1  0  3 2.2
20240124  1.490e+01  1.880e+03  6.706e+01  7.466e+02  7.004e+04  3.032e+03  1.866e+01 0 0 1 1 0 0 0 0 0 0 0 1  2  2  0  1 2.2
20240125  1.247e+01  1.715e+03  5.849e+01  6.332e+02  6.500e+04  2.682e+03  1.602e+01 0 0 1 1 0 0 0 0 0 0 0 1  1  1  0  2 2.2
20240126  1.273e+01  1.772e+03  5.992e+01  6.454e+02  6.670e+04  2.740e+03  1.634e+01 0 0 1 1 0 0 0 0 0 0 0 1  1  1  0  2 2.2
20240127  1.246e+01  1.777e+03  5.931e+01  6.328e+02  6.691e+04  2.717e+03  1.608e+01 0 0 1 1 0 0 0 0 0 0 0 1  1  1  0  2 2.2
20240128  1.303e+01  1.769e+03  6.070e+01  6.604e+02  6.669e+04  2.776e+03  1.667e+01 0 0 1 1 0 0 0 0 0 0 0 1  1  1  0  3 2.2
20240129  1.365e+01  1.866e+03  6.365e+01  6.902e+02  6.976e+04  2.902e+03  1.742e+01 0 0 1 1 0 0 0 0 0 0 0 1  2  2  0  1 2.2
20240130  1.258e+01  1.778e+03  5.967e+01  6.405e+02  6.715e+04  2.740e+03  1.626e+01 0 0 1 1 0 0 0 0 0 0 0 1  1  1  0  2 2.2
20240131  1.304e+01  1.831e+03  6.158e+01  6.619e+02  6.867e+04  2.818e+03  1.677e+01 0 0 1 1 0 0 0 0 0 0 0 1  1  1  0  2 2.2
20240201  1.177e+01  1.606e+03  5.522e+01  6.044e+02  6.190e+04  2.562e+03  1.529e+01 0 0 1 1 0 0 0 0 0 0 0 1  1  1  0  2 2.2
20240202 -9.999e+03 -9.999e+03 -9.999e+03 -9.999e+03 -9.999e+03 -9.999e+03 -9.999e+03 1 1 1 1 0 0 0 0 0 0 0 0  0  0  0  0 2.2
20240203  1.386e+01  1.744e+03  6.247e+01  7.040e+02  6.622e+04  2.864e+03  1.760e+01 0 0 1 1 0 0 0 0 0 0 0 1  2  1  0  1 2.2
20240204  1.278e+01  1.729e+03  5.943e+01  6.530e+02  6.584e+04  2.741e+03  1.648e+01 0 0 1 1 0 0 0 0 0 0 0 1  1  1  0  2 2.2
20240205  1.275e+01  1.790e+03  6.015e+01  6.512e+02  6.764e+04  2.770e+03  1.650e+01 0 0 1 1 0 0 0 0 0 0 0 1  1  1  0  2 2.2
20240206  1.011e+01  1.459e+03  4.873e+01  5.260e+02  5.712e+04  2.292e+03  1.343e+01 0 0 1 1 0 0 0 0 0 0 0 1  1  1  0  2 2.2
20240207  1.252e+01  1.732e+03  5.879e+01  6.416e+02  6.594e+04  2.718e+03  1.624e+01 0 0 1 1 0 0 0 0 0 0 0 1  2  2  0  1 2.2
20240208  1.124e+01  1.593e+03  5.349e+01  5.825e+02  6.179e+04  2.504e+03  1.481e+01 0 0 1 1 0 0 0 0 0 0 0 1  1  1  0  1 2.2
20240209  1.237e+01  1.782e+03  5.900e+01  6.358e+02  6.766e+04  2.735e+03  1.617e+01 0 0 1 1 0 0 0 0 0 0 0 1  1  1  0  2 2.2
20240210  1.211e+01  1.731e+03  5.761e+01  6.243e+02  6.618e+04  2.680e+03  1.587e+01 0 0 1 1 0 0 0 0 0 0 0 1  1  1  0  2 2.2
20240211  1.170e+01  1.686e+03  5.591e+01  6.059e+02  6.484e+04  2.612e+03  1.542e+01 0 0 1 1 0 0 0 0 0 0 0 1  1  1  0  2 2.2
20240212  1.387e+01  1.814e+03  6.354e+01  7.095e+02  6.880e+04  2.930e+03  1.781e+01 0 0 1 1 0 0 0 0 0 0 0 1  2  2  0  1 2.2
20240213  7.084e+00  9.544e+02  3.366e+01  3.715e+02  3.816e+04  1.601e+03  9.429e+00 0 0 1 1 0 0 0 0 0 0 0 1  1  1  0  1 2.2
20240214  1.241e+01  1.795e+03  5.941e+01  6.402e+02  6.820e+04  2.761e+03  1.629e+01 0 0 1 1 0 0 0 0 0 0 0 1  1  1  0  2 2.2
20240215  1.247e+01  1.752e+03  5.899e+01  6.446e+02  6.702e+04  2.749e+03  1.634e+01 0 0 1 1 0 0 0 0 0 0 0 1  1  1  0  2 2.2
20240216  1.136e+01  1.664e+03  5.481e+01  5.923e+02  6.444e+04  2.579e+03  1.512e+01 0 0 1 1 0 0 0 0 0 0 0 1  1  1  0  3 2.2
20240217 -9.999e+03 -9.999e+03 -9.999e+03 -9.999e+03 -9.999e+03 -9.999e+03 -9.999e+03 1 1 1 1 0 0 0 0 0 0 0 0  0  0  0  0 2.2
20240218  1.144e+01  1.647e+03  5.483e+01  5.981e+02  6.405e+04  2.586e+03  1.523e+01 0 0 1 1 0 0 0 0 0 0 0 1  1  1  0  2 2.2
20240219  1.154e+01  1.731e+03  5.618e+01  6.023e+02  6.665e+04  2.643e+03  1.542e+01 0 0 1 1 0 0 0 0 0 0 0 1  1  1  0  2 2.2
20240220  1.153e+01  1.718e+03  5.592e+01  6.023e+02  6.622e+04  2.633e+03  1.540e+01 0 0 1 1 0 0 0 0 0 0 0 1  1  1  0  2 2.2
20240221  7.862e+00  1.156e+03  3.853e+01  4.189e+02  4.662e+04  1.859e+03  1.075e+01 0 0 1 1 0 0 0 0 0 0 0 1  1  1  0  3 2.2
20240222  1.322e+01  1.770e+03  6.108e+01  6.858e+02  6.796e+04  2.857e+03  1.726e+01 0 0 1 1 0 0 0 0 0 0 0 1  2  2  0  1 2.2
20240223 -9.999e+03 -9.999e+03 -9.999e+03 -9.999e+03 -9.999e+03 -9.999e+03 -9.999e+03 1 1 1 1 0 0 0 0 0 0 0 0  1  0  0  0 2.2
20240224 -9.999e+03 -9.999e+03 -9.999e+03 -9.999e+03 -9.999e+03 -9.999e+03 -9.999e+03 1 1 1 1 0 0 0 0 0 0 0 0  0  0  0  0 2.2
20240225  1.101e+01  1.599e+03  5.290e+01  5.816e+02  6.286e+04  2.522e+03  1.483e+01 0 0 1 1 0 0 0 0 0 0 0 1  1  1  0  2 2.2
20240226  1.182e+01  1.680e+03  5.612e+01  6.207e+02  6.540e+04  2.659e+03  1.576e+01 0 0 1 1 0 0 0 0 0 0 0 1  1  1  0  3 2.2
20240227 -9.999e+03 -9.999e+03 -9.999e+03 -9.999e+03 -9.999e+03 -9.999e+03 -9.999e+03 1 1 1 1 0 0 0 0 0 0 0 0  0  0  0  0 2.2
20240228  1.176e+01  1.709e+03  5.629e+01  6.182e+02  6.626e+04  2.669e+03  1.574e+01 0 0 1 1 0 0 0 0 0 0 0 1  1  1  0  2 2.2
20240229  1.077e+01  1.524e+03  5.121e+01  5.725e+02  6.063e+04  2.459e+03  1.455e+01 0 0 1 1 0 0 0 0 0 0 0 1  1  1  0  2 2.2
20240301  1.055e+01  1.610e+03  5.168e+01  5.612e+02  6.341e+04  2.481e+03  1.441e+01 0 0 1 1 0 0 0 0 0 0 0 1  1  1  0  2 2.2
20240302  1.078e+01  1.639e+03  5.266e+01  5.728e+02  6.426e+04  2.522e+03  1.469e+01 0 0 1 1 0 0 0 0 0 0 0 1  1  1  0  3 2.2
20240303  1.117e+01  1.666e+03  5.409e+01  5.922e+02  6.509e+04  2.585e+03  1.514e+01 0 0 1 1 0 0 0 0 0 0 0 1  2  1  0  1 2.2
20240304  1.021e+01  1.631e+03  5.095e+01  5.452e+02  6.406e+04  2.453e+03  1.409e+01 0 0 1 1 0 0 0 0 0 0 0 1  1  1  0  2 2.2
20240305  1.009e+01  1.478e+03  4.874e+01  5.416e+02  5.933e+04  2.364e+03  1.384e+01 0 0 1 1 0 0 0 0 0 0 0 1  1  1  0  2 2.2
20240306  1.071e+01  1.604e+03  5.202e+01  5.720e+02  6.335e+04  2.505e+03  1.464e+01 0 0 1 1 0 0 0 0 0 0 0 1  1  1  0  2 2.2
20240307 -9.999e+03 -9.999e+03 -9.999e+03 -9.999e+03 -9.999e+03 -9.999e+03 -9.999e+03 1 1 1 1 0 0 0 0 0 0 0 0  0  0  0  0 2.2
20240308  1.131e+01  1.653e+03  5.424e+01  6.019e+02  6.481e+04  2.601e+03  1.533e+01 0 0 1 1 0 0 0 0 0 0 0 1  1  1  0  1 2.2
20240309  1.061e+01  1.590e+03  5.149e+01  5.686e+02  6.297e+04  2.489e+03  1.455e+01 0 0 1 1 0 0 0 0 0 0 0 1  1  1  0  2 2.2
20240310  1.072e+01  1.608e+03  5.208e+01  5.743e+02  6.354e+04  2.515e+03  1.470e+01 0 0 1 1 0 0 0 0 0 0 0 1  1  1  0  2 2.2
20240311  1.044e+01  1.580e+03  5.094e+01  5.613e+02  6.273e+04  2.469e+03  1.439e+01 0 0 1 1 0 0 0 0 0 0 0 1  1  1  0  3 2.2
20240312  1.092e+01  1.511e+03  5.135e+01  5.832e+02  5.994e+04  2.473e+03  1.476e+01 0 0 1 1 0 0 0 0 0 0 0 1  2  2  0  1 2.2
20240313  1.031e+01  1.617e+03  5.097e+01  5.549e+02  6.383e+04  2.472e+03  1.429e+01 0 0 1 1 0 0 0 0 0 0 0 1  1  1  0  2 2.2
20240314  1.155e+01  1.623e+03  5.457e+01  6.177e+02  6.408e+04  2.630e+03  1.565e+01 0 0 1 1 0 0 0 0 0 0 0 1  1  1  0  2 2.2
20240315  1.075e+01  1.621e+03  5.230e+01  5.776e+02  6.398e+04  2.533e+03  1.479e+01 0 0 1 1 0 0 0 0 0 0 0 1  1  1  0  2 2.2
20240316  1.010e+01  1.568e+03  4.983e+01  5.464e+02  6.251e+04  2.432e+03  1.406e+01 0 0 1 1 0 0 0 0 0 0 0 1  1  1  0  3 2.2
20240317  1.031e+01  1.604e+03  5.088e+01  5.579e+02  6.373e+04  2.481e+03  1.436e+01 0 0 1 1 0 0 0 0 0 0 0 1  2  2  0  1 2.2
20240318  1.070e+01  1.614e+03  5.204e+01  5.770e+02  6.381e+04  2.527e+03  1.476e+01 0 0 1 1 0 0 0 0 0 0 0 1  1  1  0  2 2.2
20240319  1.037e+01  1.612e+03  5.115e+01  5.607e+02  6.377e+04  2.490e+03  1.442e+01 0 0 1 1 0 0 0 0 0 0 0 1  1  1  0  2 2.2
20240320  1.033e+01  1.591e+03  5.075e+01  5.593e+02  6.320e+04  2.476e+03  1.436e+01 0 0 1 1 0 0 0 0 0 0 0 1  1  1  0  2 2.2
20240321  1.028e+01  1.554e+03  5.016e+01  5.581e+02  6.217e+04  2.456e+03  1.430e+01 0 0 1 1 0 0 0 0 0 0 0 1  1  1  0  3 2.2
20240322 -9.999e+03 -9.999e+03 -9.999e+03 -9.999e+03 -9.999e+03 -9.999e+03 -9.999e+03 1 1 1 1 0 0 0 0 0 0 0 0  0  0  0  0 2.2
20240323  1.069e+01  1.593e+03  5.171e+01  5.789e+02  6.322e+04  2.522e+03  1.478e+01 0 0 1 1 0 0 0 0 0 0 0 1  1  1  0  2 2.2
20240324 -9.999e+03 -9.999e+03 -9.999e+03 -9.999e+03 -9.999e+03 -9.999e+03 -9.999e+03 1 1 1 1 0 0 0 0 0 0 0 0  0  0  0  0 2.2
20240325  9.767e+00  1.517e+03  4.817e+01  5.345e+02  6.107e+04  2.376e+03  1.375e+01 0 0 1 1 0 0 0 0 0 0 0 1  1  1  0  2 2.2
20240326  9.462e+00  1.495e+03  4.703e+01  5.198e+02  6.044e+04  2.329e+03  1.342e+01 0 0 1 1 0 0 0 0 0 0 0 1  1  1  0  3 2.2
20240327 -9.999e+03 -9.999e+03 -9.999e+03 -9.999e+03 -9.999e+03 -9.999e+03 -9.999e+03 1 1 1 1 0 0 0 0 0 0 0 0  0  0  0  0 2.2
20240328  6.866e+00  1.128e+03  3.518e+01  3.866e+02  4.770e+04  1.792e+03  1.010e+01 0 0 1 1 0 0 0 0 0 0 0 1  1  1  0  2 2.2
20240329  7.237e+00  1.175e+03  3.680e+01  4.071e+02  4.957e+04  1.873e+03  1.061e+01 0 0 1 1 0 0 0 0 0 0 0 1  1  1  0  2 2.2
20240330  8.854e+00  1.492e+03  4.514e+01  4.899e+02  6.032e+04  2.251e+03  1.277e+01 0 0 1 1 0 0 0 0 0 0 0 1  1  1  0  3 2.2
20240331  8.772e+00  1.476e+03  4.470e+01  4.864e+02  5.986e+04  2.234e+03  1.268e+01 0 0 1 1 0 0 0 0 0 0 0 1  1  1  0  3 2.2
20240401 -9.999e+03 -9.999e+03 -9.999e+03 -9.999e+03 -9.999e+03 -9.999e+03 -9.999e+03 1 1 1 1 0 0 0 0 0 0 0 0  0  0  0  0 2.2
20240402  8.669e+00  1.453e+03  4.406e+01  4.823e+02  5.917e+04  2.209e+03  1.256e+01 0 0 1 1 0 0 0 0 0 0 0 1  1  1  0  2 2.2
20240403  8.346e+00  1.427e+03  4.281e+01  4.663e+02  5.842e+04  2.157e+03  1.220e+01 0 0 1 1 0 0 0 0 0 0 0 1  1  1  0  2 2.2
20240404  8.233e+00  1.395e+03  4.210e+01  4.614e+02  5.748e+04  2.128e+03  1.205e+01 0 0 1 1 0 0 0 0 0 0 0 1  1  1  0  3 2.2
20240405 -9.999e+03 -9.999e+03 -9.999e+03 -9.999e+03 -9.999e+03 -9.999e+03 -9.999e+03 1 1 1 1 0 0 0 0 0 0 0 0  0  0  0  0 2.2
20240406  8.681e+00  1.422e+03  4.364e+01  4.848e+02  5.823e+04  2.198e+03  1.258e+01 0 0 1 1 0 0 0 0 0 0 0 1  1  1  0  2 2.2
20240407  7.787e+00  1.380e+03  4.052e+01  4.390e+02  5.696e+04  2.060e+03  1.156e+01 0 0 1 1 0 0 0 0 0 0 0 1  1  1  0  2 2.2
20240408 -9.999e+03 -9.999e+03 -9.999e+03 -9.999e+03 -9.999e+03 -9.999e+03 -9.999e+03 1 1 1 1 0 0 0 0 0 0 0 0  0  0  0  0 2.2
20240409 -9.999e+03 -9.999e+03 -9.999e+03 -9.999e+03 -9.999e+03 -9.999e+03 -9.999e+03 1 1 1 1 0 0 0 0 0 0 0 0  0  0  0  0 2.2
20240410 -9.999e+03 -9.999e+03 -9.999e+03 -9.999e+03 -9.999e+03 -9.999e+03 -9.999e+03 1 1 1 1 0 0 0 0 0 0 0 0  0  0  0  0 2.2
20240411  7.895e+00  1.380e+03  4.079e+01  4.459e+02  5.693e+04  2.076e+03  1.170e+01 0 0 1 1 0 0 0 0 0 0 0 1  1  1  0  2 2.2
20240412  7.112e+00  1.323e+03  3.779e+01  4.056e+02  5.518e+04  1.943e+03  1.078e+01 0 0 1 1 0 0 0 0 0 0 0 1  1  1  0  2 2.2
20240413  6.784e+00  1.290e+03  3.640e+01  3.888e+02  5.413e+04  1.882e+03  1.038e+01 0 0 1 1 0 0 0 0 0 0 0 1  1  1  0  2 2.2
20240414  6.955e+00  1.276e+03  3.679e+01  3.983e+02  5.369e+04  1.901e+03  1.057e+01 0 0 1 1 0 0 0 0 0 0 0 1  1  1  0  3 2.2
20240415 -9.999e+03 -9.999e+03 -9.999e+03 -9.999e+03 -9.999e+03 -9.999e+03 -9.999e+03 1 1 1 1 0 0 0 0 0 0 0 0  0  0  0  0 2.2
20240416  7.288e+00  1.351e+03  3.859e+01  4.155e+02  5.599e+04  1.982e+03  1.102e+01 0 0 1 1 0 0 0 0 0 0 0 1  1  1  0  2 2.2
20240417  7.206e+00  1.317e+03  3.799e+01  4.121e+02  5.499e+04  1.958e+03  1.091e+01 0 0 1 1 0 0 0 0 0 0 0 1  1  1  0  2 2.2
20240418  7.047e+00  1.304e+03  3.735e+01  4.041e+02  5.459e+04  1.931e+03  1.073e+01 0 0 1 1 0 0 0 0 0 0 0 1  1  1  0  2 2.2
20240419  6.752e+00  1.285e+03  3.625e+01  3.887e+02  5.399e+04  1.881e+03  1.038e+01 0 0 1 1 0 0 0 0 0 0 0 1  1  1  0  3 2.2
20240420 -9.999e+03 -9.999e+03 -9.999e+03 -9.999e+03 -9.999e+03 -9.999e+03 -9.999e+03 1 1 1 1 0 0 0 0 0 0 0 0  0  0  0  0 2.2
20240421  6.802e+00  1.276e+03  3.620e+01  3.919e+02  5.362e+04  1.880e+03  1.043e+01 0 0 1 1 0 0 0 0 0 0 0 1  1  1  0  2 2.2
20240422  6.601e+00  1.247e+03  3.526e+01  3.818e+02  5.274e+04  1.840e+03  1.018e+01 0 0 1 1 0 0 0 0 0 0 0 1  1  1  0  2 2.2
20240423  6.718e+00  1.223e+03  3.536e+01  3.887e+02  5.198e+04  1.846e+03  1.029e+01 0 0 1 1 0 0 0 0 0 0 0 1  1  1  0  3 2.2
20240424  6.331e+00  1.199e+03  3.391e+01  3.683e+02  5.121e+04  1.780e+03  9.834e+00 0 0 1 1 0 0 0 0 0 0 0 1  1  1  0  3 2.2
20240425 -9.999e+03 -9.999e+03 -9.999e+03 -9.999e+03 -9.999e+03 -9.999e+03 -9.999e+03 1 1 1 1 0 0 0 0 0 0 0 0  0  0  0  0 2.2
20240426  6.296e+00  1.219e+03  3.394e+01  3.665e+02  5.180e+04  1.782e+03  9.817e+00 0 0 1 1 0 0 0 0 0 0 0 1  1  1  0  2 2.2
20240427  6.207e+00  1.179e+03  3.324e+01  3.625e+02  5.054e+04  1.752e+03  9.681e+00 0 0 1 1 0 0 0 0 0 0 0 1  1  1  0  2 2.2
20240428  5.450e+00  1.141e+03  3.043e+01  3.215e+02  4.925e+04  1.619e+03  8.771e+00 0 0 1 1 0 0 0 0 0 0 0 1  1  1  0  3 2.2
20240429  5.899e+00  1.140e+03  3.182e+01  3.465e+02  4.921e+04  1.687e+03  9.289e+00 0 0 1 1 0 0 0 0 0 0 0 1  2  1  0  3 2.2
20240430 -9.999e+03 -9.999e+03 -9.999e+03 -9.999e+03 -9.999e+03 -9.999e+03 -9.999e+03 1 1 1 1 0 0 0 0 0 0 0 0  0  0  0  0 2.2
20240501  6.123e+00  1.137e+03  3.244e+01  3.592e+02  4.910e+04  1.718e+03  9.550e+00 0 0 1 1 0 0 0 0 0 0 0 1  1  1  0  2 2.2
20240502  5.869e+00  1.099e+03  3.127e+01  3.457e+02  4.781e+04  1.663e+03  9.215e+00 0 0 1 1 0 0 0 0 0 0 0 1  1  1  0  2 2.2
20240503  5.728e+00  1.101e+03  3.085e+01  3.382e+02  4.790e+04  1.645e+03  9.061e+00 0 0 1 1 0 0 0 0 0 0 0 1  1  1  0  3 2.2
20240504  6.208e+00  1.147e+03  3.280e+01  3.650e+02  4.964e+04  1.741e+03  9.690e+00 0 0 1 1 0 0 0 0 0 0 0 1  2  2  0  1 2.2
20240505  5.926e+00  1.138e+03  3.178e+01  3.492e+02  4.909e+04  1.689e+03  9.336e+00 0 0 1 1 0 0 0 0 0 0 0 1  1  1  0  2 2.2
20240506  5.464e+00  1.109e+03  3.003e+01  3.242e+02  4.816e+04  1.608e+03  8.776e+00 0 0 1 1 0 0 0 0 0 0 0 1  1  1  0  2 2.2
20240507  5.275e+00  1.078e+03  2.914e+01  3.141e+02  4.711e+04  1.566e+03  8.525e+00 0 0 1 1 0 0 0 0 0 0 0 1  1  1  0  2 2.2
20240508  5.149e+00  1.061e+03  2.854e+01  3.073e+02  4.651e+04  1.538e+03  8.359e+00 0 0 1 1 0 0 0 0 0 0 0 1  1  1  0  3 2.2
20240509 -9.999e+03 -9.999e+03 -9.999e+03 -9.999e+03 -9.999e+03 -9.999e+03 -9.999e+03 1 1 1 1 0 0 0 0 0 0 0 0  0  0  0  0 2.2
20240510  4.715e+00  9.454e+02  2.601e+01  2.834e+02  4.219e+04  1.413e+03  7.686e+00 0 0 1 1 0 0 0 0 0 0 0 1  1  1  0  2 2.2
20240511  5.198e+00  1.060e+03  2.866e+01  3.106e+02  4.647e+04  1.546e+03  8.424e+00 0 0 1 1 0 0 0 0 0 0 0 1  1  1  0  2 2.2
20240512  5.044e+00  1.045e+03  2.801e+01  3.023e+02  4.596e+04  1.516e+03  8.230e+00 0 0 1 1 0 0 0 0 0 0 0 1  1  1  0  2 2.2
20240513  4.827e+00  1.014e+03  2.699e+01  2.904e+02  4.485e+04  1.466e+03  7.937e+00 0 0 1 1 0 0 0 0 0 0 0 1  1  1  0  3 2.2
20240514 -9.999e+03 -9.999e+03 -9.999e+03 -9.999e+03 -9.999e+03 -9.999e+03 -9.999e+03 1 1 1 1 0 0 0 0 0 0 0 0  0  0  0  0 2.2
20240515  4.764e+00  9.701e+02  2.630e+01  2.873e+02  4.323e+04  1.433e+03  7.801e+00 0 0 1 1 0 0 0 0 0 0 0 1  1  1  0  2 2.2
20240516  4.147e+00  9.515e+02  2.407e+01  2.524e+02  4.253e+04  1.323e+03  7.049e+00 0 0 1 1 0 0 0 0 0 0 0 1  1  1  0  2 2.2
20240517  4.045e+00  9.492e+02  2.368e+01  2.468e+02  4.245e+04  1.304e+03  6.928e+00 0 0 1 1 0 0 0 0 0 0 0 1  1  1  0  3 2.2
20240518  3.310e+00  7.770e+02  1.958e+01  2.033e+02  3.533e+04  1.088e+03  5.740e+00 0 0 1 1 0 0 0 0 0 0 0 1  1  1  0  3 2.2
20240519  4.745e+00  1.003e+03  2.648e+01  2.870e+02  4.456e+04  1.447e+03  7.844e+00 0 0 1 1 0 0 0 0 0 0 0 1  2  2  0  2 2.2
20240520  4.229e+00  9.902e+02  2.463e+01  2.577e+02  4.399e+04  1.354e+03  7.213e+00 0 0 1 1 0 0 0 0 0 0 0 1  1  1  0  2 2.2
20240521  4.357e+00  9.477e+02  2.468e+01  2.652e+02  4.245e+04  1.357e+03  7.307e+00 0 0 1 1 0 0 0 0 0 0 0 1  1  1  0  2 2.2
20240522  4.000e+00  9.284e+02  2.329e+01  2.449e+02  4.173e+04  1.288e+03  6.857e+00 0 0 1 1 0 0 0 0 0 0 0 1  1  1  0  3 2.2
20240523  3.820e+00  9.459e+02  2.283e+01  2.348e+02  4.241e+04  1.266e+03  6.677e+00 0 0 1 1 0 0 0 0 0 0 0 1  1  1  0  3 2.2
20240524 -9.999e+03 -9.999e+03 -9.999e+03 -9.999e+03 -9.999e+03 -9.999e+03 -9.999e+03 1 1 1 1 0 0 0 0 0 0 0 0  0  0  0  0 2.2
20240525  4.264e+00  9.805e+02  2.464e+01  2.604e+02  4.367e+04  1.358e+03  7.255e+00 0 0 1 1 0 0 0 0 0 0 0 1  1  1  0  2 2.2
20240526  4.037e+00  9.364e+02  2.347e+01  2.476e+02  4.207e+04  1.300e+03  6.925e+00 0 0 1 1 0 0 0 0 0 0 0 1  1  1  0  2 2.2
20240527  4.076e+00  9.082e+02  2.334e+01  2.499e+02  4.099e+04  1.293e+03  6.928e+00 0 0 1 1 0 0 0 0 0 0 0 1  1  1  0  3 2.2
20240528  4.106e+00  9.259e+02  2.359e+01  2.518e+02  4.168e+04  1.307e+03  6.994e+00 0 0 1 1 0 0 0 0 0 0 0 1  1  1  0  3 2.2
20240529 -9.999e+03 -9.999e+03 -9.999e+03 -9.999e+03 -9.999e+03 -9.999e+03 -9.999e+03 1 1 1 1 0 0 0 0 0 0 0 0  0  0  0  0 2.2
20240530  3.858e+00  9.315e+02  2.276e+01  2.377e+02  4.188e+04  1.266e+03  6.709e+00 0 0 1 1 0 0 0 0 0 0 0 1  1  1  0  2 2.2
20240531  3.905e+00  8.888e+02  2.255e+01  2.404e+02  4.027e+04  1.255e+03  6.700e+00 0 0 1 1 0 0 0 0 0 0 0 1  1  1  0  2 2.2
20240601  3.522e+00  8.830e+02  2.116e+01  2.184e+02  4.005e+04  1.185e+03  6.236e+00 0 0 1 1 0 0 0 0 0 0 0 1  1  1  0  3 2.2
20240602 -9.999e+03 -9.999e+03 -9.999e+03 -9.999e+03 -9.999e+03 -9.999e+03 -9.999e+03 1 1 1 1 0 0 0 0 0 0 0 0  0  0  0  0 2.2
20240603  3.754e+00  9.354e+02  2.238e+01  2.320e+02  4.202e+04  1.248e+03  6.594e+00 0 0 1 1 0 0 0 0 0 0 0 1  1  1  0  2 2.2
20240604  3.764e+00  9.077e+02  2.219e+01  2.327e+02  4.101e+04  1.239e+03  6.568e+00 0 0 1 1 0 0 0 0 0 0 0 1  1  1  0  2 2.2
20240605  3.757e+00  8.707e+02  2.186e+01  2.323e+02  3.960e+04  1.221e+03  6.503e+00 0 0 1 1 0 0 0 0 0 0 0 1  1  1  0  2 2.2
20240606  3.614e+00  8.817e+02  2.147e+01  2.241e+02  4.004e+04  1.202e+03  6.353e+00 0 0 1 1 0 0 0 0 0 0 0 1  1  1  0  3 2.2
20240607 -9.999e+03 -9.999e+03 -9.999e+03 -9.999e+03 -9.999e+03 -9.999e+03 -9.999e+03 1 1 1 1 0 0 0 0 0 0 0 0  0  0  0  0 2.2
20240608  3.997e+00  9.336e+02  2.323e+01  2.464e+02  4.198e+04  1.292e+03  6.891e+00 0 0 1 1 0 0 0 0 0 0 0 1  1  1  0  2 2.2
20240609  3.946e+00  9.059e+02  2.282e+01  2.435e+02  4.098e+04  1.272e+03  6.792e+00 0 0 1 1 0 0 0 0 0 0 0 1  1  1  0  2 2.2
20240610  3.714e+00  8.773e+02  2.177e+01  2.301e+02  3.989e+04  1.219e+03  6.471e+00 0 0 1 1 0 0 0 0 0 0 0 1  1  1  0  2 2.2
20240611  3.824e+00  8.693e+02  2.206e+01  2.365e+02  3.958e+04  1.233e+03  6.589e+00 0 0 1 1 0 0 0 0 0 0 0 1  1  1  0  3 2.2
20240612 -9.999e+03 -9.999e+03 -9.999e+03 -9.999e+03 -9.999e+03 -9.999e+03 -9.999e+03 1 1 1 1 0 0 0 0 0 0 0 0  0  0  0  0 2.2
20240613  4.131e+00  9.179e+02  2.350e+01  2.544e+02  4.140e+04  1.307e+03  7.029e+00 0 0 1 1 0 0 0 0 0 0 0 1  1  1  0  2 2.2
20240614  3.577e+00  8.766e+02  2.125e+01  2.224e+02  3.987e+04  1.193e+03  6.307e+00 0 0 1 1 0 0 0 0 0 0 0 1  1  1  0  2 2.2
20240615  3.428e+00  8.420e+02  2.043e+01  2.136e+02  3.850e+04  1.150e+03  6.069e+00 0 0 1 1 0 0 0 0 0 0 0 1  1  1  0  2 2.2
20240616  3.546e+00  8.591e+02  2.099e+01  2.206e+02  3.919e+04  1.179e+03  6.241e+00 0 0 1 1 0 0 0 0 0 0 0 1  1  1  0  3 2.2
20240617 -9.999e+03 -9.999e+03 -9.999e+03 -9.999e+03 -9.999e+03 -9.999e+03 -9.999e+03 1 1 1 1 0 0 0 0 0 0 0 0  0  0  0  0 2.2
20240618  3.421e+00  9.096e+02  2.096e+01  2.133e+02  4.110e+04  1.179e+03  6.171e+00 0 0 1 1 0 0 0 0 0 0 0 1  1  1  0  2 2.2
20240619  3.293e+00  8.689e+02  2.018e+01  2.059e+02  3.957e+04  1.139e+03  5.956e+00 0 0 1 1 0 0 0 0 0 0 0 1  1  1  0  2 2.2
20240620  3.457e+00  8.554e+02  2.066e+01  2.154e+02  3.905e+04  1.163e+03  6.131e+00 0 0 1 1 0 0 0 0 0 0 0 1  1  1  0  2 2.2
20240621  3.422e+00  8.540e+02  2.051e+01  2.134e+02  3.899e+04  1.155e+03  6.085e+00 0 0 1 1 0 0 0 0 0 0 0 1  1  1  0  3 2.2
20240622 -9.999e+03 -9.999e+03 -9.999e+03 -9.999e+03 -9.999e+03 -9.999e+03 -9.999e+03 1 1 1 1 0 0 0 0 0 0 0 0  0  0  0  0 2.2
20240623  3.426e+00  8.981e+02  2.087e+01  2.136e+02  4.067e+04  1.174e+03  6.158e+00 0 0 1 1 0 0 0 0 0 0 0 1  1  1  0  2 2.2
20240624  2.916e+00  8.454e+02  1.860e+01  1.837e+02  3.866e+04  1.057e+03  5.462e+00 0 0 1 1 0 0 0 0 0 0 0 1  1  1  0  2 2.2
20240625  2.846e+00  8.478e+02  1.836e+01  1.796e+02  3.874e+04  1.045e+03  5.382e+00 0 0 1 1 0 0 0 0 0 0 0 1  1  1  0  3 2.2
20240626  2.580e+00  7.773e+02  1.681e+01  1.634e+02  3.582e+04  9.606e+02  4.931e+00 0 0 1 1 0 0 0 0 0 0 0 1  1  1  0  3 2.2
20240627 -9.999e+03 -9.999e+03 -9.999e+03 -9.999e+03 -9.999e+03 -9.999e+03 -9.999e+03 1 1 1 1 0 0 0 0 0 0 0 0  0  0  0  0 2.2
20240628  2.950e+00  8.445e+02  1.872e+01  1.856e+02  3.859e+04  1.062e+03  5.498e+00 0 0 1 1 0 0 0 0 0 0 0 1  1  1  0  2 2.2
20240629  3.062e+00  8.451e+02  1.915e+01  1.921e+02  3.861e+04  1.084e+03  5.633e+00 0 0 1 1 0 0 0 0 0 0 0 1  1  1  0  2 2.2
20240630  3.244e+00  8.564e+02  1.991e+01  2.028e+02  3.905e+04  1.123e+03  5.870e+00 0 0 1 1 0 0 0 0 0 0 0 1  1  1  0  3 2.2
20240701  3.639e+00  9.116e+02  2.177e+01  2.262e+02  4.140e+04  1.222e+03  6.447e+00 0 0 1 1 0 0 0 0 0 0 0 1  2  2  0  1 2.2
20240702  3.552e+00  9.279e+02  2.158e+01  2.206e+02  4.173e+04  1.209e+03  6.347e+00 0 0 1 1 0 0 0 0 0 0 0 1  1  1  0  2 2.2
20240703 -9.999e+03 -9.999e+03 -9.999e+03 -9.999e+03 -9.999e+03 -9.999e+03 -9.999e+03 1 1 1 1 0 0 0 0 0 0 0 0  2  0  0  0 2.2
20240704  3.492e+00  8.682e+02  2.092e+01  2.171e+02  3.951e+04  1.174e+03  6.186e+00 0 0 1 1 0 0 0 0 0 0 0 1  1  1  0  2 2.2
20240705  3.549e+00  8.642e+02  2.108e+01  2.203e+02  3.933e+04  1.181e+03  6.244e+00 0 0 1 1 0 0 0 0 0 0 0 1  1  1  0  3 2.2
20240706 -9.999e+03 -9.999e+03 -9.999e+03 -9.999e+03 -9.999e+03 -9.999e+03 -9.999e+03 1 1 1 1 0 0 0 0 0 0 0 0  0  0  0  0 2.2
20240707  3.397e+00  9.420e+02  2.117e+01  2.113e+02  4.223e+04  1.187e+03  6.179e+00 0 0 1 1 0 0 0 0 0 0 0 1  1  1  0  2 2.2
20240708  3.322e+00  9.039e+02  2.060e+01  2.070e+02  4.085e+04  1.158e+03  6.033e+00 0 0 1 1 0 0 0 0 0 0 0 1  1  1  0  2 2.2
20240709  3.133e+00  8.600e+02  1.957e+01  1.957e+02  3.914e+04  1.103e+03  5.733e+00 0 0 1 1 0 0 0 0 0 0 0 1  1  1  0  2 2.2
20240710  3.117e+00  8.540e+02  1.946e+01  1.947e+02  3.887e+04  1.097e+03  5.700e+00 0 0 1 1 0 0 0 0 0 0 0 1  1  1  0  3 2.2
20240711 -9.999e+03 -9.999e+03 -9.999e+03 -9.999e+03 -9.999e+03 -9.999e+03 -9.999e+03 1 1 1 1 0 0 0 0 0 0 0 0  0  0  0  0 2.2
20240712  3.339e+00  9.499e+02  2.105e+01  2.076e+02  4.252e+04  1.179e+03  6.116e+00 0 0 1 1 0 0 0 0 0 0 0 1  1  1  0  2 2.2
20240713  3.217e+00  9.097e+02  2.030e+01  2.004e+02  4.104e+04  1.141e+03  5.910e+00 0 0 1 1 0 0 0 0 0 0 0 1  1  1  0  2 2.2
20240714  3.331e+00  8.869e+02  2.054e+01  2.069e+02  4.014e+04  1.151e+03  6.005e+00 0 0 1 1 0 0 0 0 0 0 0 1  1  1  0  2 2.2
20240715  3.229e+00  9.057e+02  2.033e+01  2.009e+02  4.085e+04  1.141e+03  5.913e+00 0 0 1 1 0 0 0 0 0 0 0 1  1  1  0  3 2.2
20240716 -9.999e+03 -9.999e+03 -9.999e+03 -9.999e+03 -9.999e+03 -9.999e+03 -9.999e+03 1 1 1 1 0 0 0 0 0 0 0 0  0  0  0  0 2.2
20240717  3.965e+00  9.663e+02  2.345e+01  2.431e+02  4.307e+04  1.297e+03  6.871e+00 0 0 1 1 0 0 0 0 0 0 0 1  1  1  0  2 2.2
20240718 -9.999e+03 -9.999e+03 -9.999e+03 -9.999e+03 -9.999e+03 -9.999e+03 -9.999e+03 1 1 1 1 0 0 0 0 0 0 0 0  0  0  0  0 2.2
20240719  3.672e+00  9.096e+02  2.198e+01  2.261e+02  4.096e+04  1.222e+03  6.436e+00 0 0 1 1 0 0 0 0 0 0 0 1  1  1  0  2 2.2
20240720  3.866e+00  9.230e+02  2.276e+01  2.371e+02  4.146e+04  1.261e+03  6.683e+00 0 0 1 1 0 0 0 0 0 0 0 1  1  1  0  3 2.2
20240721 -9.999e+03 -9.999e+03 -9.999e+03 -9.999e+03 -9.999e+03 -9.999e+03 -9.999e+03 1 1 1 1 0 0 0 0 0 0 0 0  0  0  0  0 2.2
20240722  3.514e+00  7.889e+02  2.037e+01  2.155e+02  3.588e+04  1.130e+03  6.011e+00 0 0 1 1 0 0 0 0 0 0 0 1  1  1  0  2 2.2
20240723  3.606e+00  9.305e+02  2.195e+01  2.218e+02  4.171e+04  1.218e+03  6.380e+00 0 0 1 1 0 0 0 0 0 0 0 1  1  1  0  2 2.2
20240724  4.022e+00  9.268e+02  2.337e+01  2.454e+02  4.154e+04  1.288e+03  6.860e+00 0 0 1 1 0 0 0 0 0 0 0 1  1  1  0  2 2.2
20240725  3.805e+00  9.057e+02  2.246e+01  2.328e+02  4.070e+04  1.241e+03  6.567e+00 0 0 1 1 0 0 0 0 0 0 0 1  1  1  0  3 2.2
20240726 -9.999e+03 -9.999e+03 -9.999e+03 -9.999e+03 -9.999e+03 -9.999e+03 -9.999e+03 1 1 1 1 0 0 0 0 0 0 0 0  0  0  0  0 2.2
20240727  4.622e+00  1.001e+03  2.608e+01  2.790e+02  4.429e+04  1.421e+03  7.669e+00 0 0 1 1 0 0 0 0 0 0 0 1  1  1  0  2 2.2
20240728  4.189e+00  9.497e+02  2.420e+01  2.543e+02  4.237e+04  1.327e+03  7.082e+00 0 0 1 1 0 0 0 0 0 0 0 1  1  1  0  2 2.2
20240729  4.308e+00  9.617e+02  2.471e+01  2.609e+02  4.281e+04  1.352e+03  7.237e+00 0 0 1 1 0 0 0 0 0 0 0 1  1  1  0  3 2.2
20240730  5.032e+00  1.031e+03  2.775e+01  3.027e+02  4.572e+04  1.509e+03  8.221e+00 0 0 1 1 0 0 0 0 0 0 0 1  2  2  0  1 2.2
20240731  4.665e+00  1.050e+03  2.672e+01  2.805e+02  4.600e+04  1.450e+03  7.773e+00 0 0 1 1 0 0 0 0 0 0 0 1  1  1  0  2 2.2
20240801  4.504e+00  1.019e+03  2.591e+01  2.714e+02  4.490e+04  1.409e+03  7.540e+00 0 0 1 1 0 0 0 0 0 0 0 1  1  1  0  2 2.2
20240802  4.676e+00  9.946e+02  2.628e+01  2.809e+02  4.399e+04  1.426e+03  7.701e+00 0 0 1 1 0 0 0 0 0 0 0 1  1  1  0  2 2.2
20240803  4.410e+00  1.003e+03  2.549e+01  2.658e+02  4.429e+04  1.386e+03  7.401e+00 0 0 1 1 0 0 0 0 0 0 0 1  1  1  0  3 2.2
20240804  4.968e+00  1.071e+03  2.798e+01  2.978e+02  4.708e+04  1.515e+03  8.177e+00 0 0 1 1 0 0 0 0 0 0 0 1  2  2  0  1 2.2
20240805  5.114e+00  1.087e+03  2.862e+01  3.045e+02  4.728e+04  1.538e+03  8.327e+00 0 0 1 1 0 0 0 0 0 0 0 1  1  1  0  2 2.2
20240806  4.826e+00  1.052e+03  2.736e+01  2.885e+02  4.603e+04  1.476e+03  7.944e+00 0 0 1 1 0 0 0 0 0 0 0 1  1  1  0  2 2.2
20240807  4.602e+00  1.026e+03  2.639e+01  2.758e+02  4.508e+04  1.427e+03  7.642e+00 0 0 1 1 0 0 0 0 0 0 0 1  1  1  0  2 2.2
20240808  4.684e+00  1.032e+03  2.673e+01  2.802e+02  4.531e+04  1.443e+03  7.743e+00 0 0 1 1 0 0 0 0 0 0 0 1  1  1  0  3 2.2
20240809  5.164e+00  1.106e+03  2.901e+01  3.071e+02  4.813e+04  1.557e+03  8.417e+00 0 0 1 1 0 0 0 0 0 0 0 1  2  2  0  1 2.2
20240810  4.835e+00  1.112e+03  2.799e+01  2.879e+02  4.812e+04  1.503e+03  8.019e+00 0 0 1 1 0 0 0 0 0 0 0 1  1  1  0  2 2.2
20240811  4.314e+00  1.042e+03  2.560e+01  2.588e+02  4.560e+04  1.385e+03  7.315e+00 0 0 1 1 0 0 0 0 0 0 0 1  1  1  0  2 2.2
20240812  4.539e+00  1.059e+03  2.654e+01  2.712e+02  4.621e+04  1.431e+03  7.597e+00 0 0 1 1 0 0 0 0 0 0 0 1  1  1  0  2 2.2
20240813  4.548e+00  1.071e+03  2.668e+01  2.714e+02  4.662e+04  1.436e+03  7.618e+00 0 0 1 1 0 0 0 0 0 0 0 1  1  1  0  3 2.2
20240814 -9.999e+03 -9.999e+03 -9.999e+03 -9.999e+03 -9.999e+03 -9.999e+03 -9.999e+03 1 1 1 1 0 0 0 0 0 0 0 0  0  0  0  0 2.2
20240815  5.518e+00  1.141e+03  3.058e+01  3.244e+02  4.907e+04  1.622e+03  8.820e+00 0 0 1 1 0 0 0 0 0 0 0 1  1  1  0  2 2.2
20240816  5.168e+00  1.042e+03  2.848e+01  3.050e+02  4.546e+04  1.518e+03  8.269e+00 0 0 1 1 0 0 0 0 0 0 0 1  1  1  0  2 2.2
20240817 -9.999e+03 -9.999e+03 -9.999e+03 -9.999e+03 -9.999e+03 -9.999e+03 -9.999e+03 1 1 1 1 0 0 0 0 0 0 0 0  0  0  0  0 2.2
20240818  5.908e+00  1.119e+03  3.163e+01  3.451e+02  4.829e+04  1.669e+03  9.222e+00 0 0 1 1 0 0 0 0 0 0 0 1  1  1  0  3 2.2
20240819 -9.999e+03 -9.999e+03 -9.999e+03 -9.999e+03 -9.999e+03 -9.999e+03 -9.999e+03 1 1 1 1 0 0 0 0 0 0 0 0  0  0  0  0 2.2
20240820  5.980e+00  1.153e+03  3.220e+01  3.484e+02  4.944e+04  1.694e+03  9.336e+00 0 0 1 1 0 0 0 0 0 0 0 1  1  1  0  2 2.2
20240821 -9.999e+03 -9.999e+03 -9.999e+03 -9.999e+03 -9.999e+03 -9.999e+03 -9.999e+03 1 1 1 1 0 0 0 0 0 0 0 0  0  0  0  0 2.2
20240822  5.721e+00  1.124e+03  3.113e+01  3.337e+02  4.838e+04  1.640e+03  8.989e+00 0 0 1 1 0 0 0 0 0 0 0 1  1  1  0  3 2.2
20240823  5.810e+00  1.156e+03  3.174e+01  3.383e+02  4.949e+04  1.668e+03  9.129e+00 0 0 1 1 0 0 0 0 0 0 0 1  2  1  0  3 2.2
20240824  6.353e+00  1.204e+03  3.393e+01  3.672e+02  5.114e+04  1.770e+03  9.800e+00 0 0 1 1 0 0 0 0 0 0 0 1  2  1  0  2 2.2
20240825  5.777e+00  1.172e+03  3.183e+01  3.358e+02  5.002e+04  1.669e+03  9.099e+00 0 0 1 1 0 0 0 0 0 0 0 1  1  1  0  2 2.2
20240826  5.586e+00  1.136e+03  3.086e+01  3.252e+02  4.871e+04  1.622e+03  8.825e+00 0 0 1 1 0 0 0 0 0 0 0 1  1  1  0  2 2.2
20240827  5.667e+00  1.154e+03  3.132e+01  3.293e+02  4.936e+04  1.643e+03  8.937e+00 0 0 1 1 0 0 0 0 0 0 0 1  1  1  0  3 2.2
20240828 -9.999e+03 -9.999e+03 -9.999e+03 -9.999e+03 -9.999e+03 -9.999e+03 -9.999e+03 1 1 1 1 0 0 0 0 0 0 0 0  0  0  0  0 2.2
20240829  6.251e+00  1.234e+03  3.399e+01  3.600e+02  5.209e+04  1.766e+03  9.689e+00 0 0 1 1 0 0 0 0 0 0 0 1  1  1  0  2 2.2
20240830  6.356e+00  1.200e+03  3.400e+01  3.655e+02  5.091e+04  1.765e+03  9.759e+00 0 0 1 1 0 0 0 0 0 0 0 1  1  1  0  2 2.2
20240831  6.580e+00  1.187e+03  3.456e+01  3.772e+02  5.043e+04  1.790e+03  9.987e+00 0 0 1 1 0 0 0 0 0 0 0 1  1  1  0  2 2.2
20240901  6.110e+00  1.194e+03  3.318e+01  3.516e+02  5.063e+04  1.724e+03  9.457e+00 0 0 1 1 0 0 0 0 0 0 0 1  1  1  0  3 2.2
20240902 -9.999e+03 -9.999e+03 -9.999e+03 -9.999e+03 -9.999e+03 -9.999e+03 -9.999e+03 1 1 1 1 0 0 0 0 0 0 0 0  0  0  0  0 2.2
20240903  6.589e+00  1.283e+03  3.564e+01  3.763e+02  5.365e+04  1.836e+03  1.010e+01 0 0 1 1 0 0 0 0 0 0 0 1  1  1  0  2 2.2
20240904  6.194e+00  1.232e+03  3.390e+01  3.551e+02  5.192e+04  1.754e+03  9.583e+00 0 0 1 1 0 0 0 0 0 0 0 1  1  1  0  2 2.2
20240905  5.540e+00  1.232e+03  3.178e+01  3.196e+02  5.188e+04  1.653e+03  8.844e+00 0 0 1 1 0 0 0 0 0 0 0 1  1  1  0  2 2.2
20240906  5.685e+00  1.243e+03  3.239e+01  3.271e+02  5.225e+04  1.680e+03  9.015e+00 0 0 1 1 0 0 0 0 0 0 0 1  1  1  0  3 2.2
20240907  6.472e+00  1.333e+03  3.587e+01  3.690e+02  5.548e+04  1.844e+03  1.002e+01 0 0 1 1 0 0 0 0 0 0 0 1  2  2  0  1 2.2
20240908  6.258e+00  1.324e+03  3.509e+01  3.568e+02  5.493e+04  1.803e+03  9.743e+00 0 0 1 1 0 0 0 0 0 0 0 1  1  1  0  2 2.2
20240909  6.198e+00  1.278e+03  3.446e+01  3.535e+02  5.337e+04  1.773e+03  9.612e+00 0 0 1 1 0 0 0 0 0 0 0 1  1  1  0  2 2.2
20240910  6.262e+00  1.289e+03  3.479e+01  3.565e+02  5.371e+04  1.786e+03  9.690e+00 0 0 1 1 0 0 0 0 0 0 0 1  1  1  0  2 2.2
20240911  6.636e+00  1.298e+03  3.609e+01  3.761e+02  5.403e+04  1.845e+03  1.011e+01 0 0 1 1 0 0 0 0 0 0 0 1  1  1  0  3 2.2
20240912 -9.999e+03 -9.999e+03 -9.999e+03 -9.999e+03 -9.999e+03 -9.999e+03 -9.999e+03 1 1 1 1 0 0 0 0 0 0 0 0  0  0  0  0 2.2
20240913  7.118e+00  1.362e+03  3.828e+01  4.004e+02  5.610e+04  1.942e+03  1.070e+01 0 0 1 1 0 0 0 0 0 0 0 1  1  1  0  2 2.2
20240914  7.054e+00  1.315e+03  3.762e+01  3.969e+02  5.453e+04  1.910e+03  1.057e+01 0 0 1 1 0 0 0 0 0 0 0 1  1  1  0  2 2.2
20240915  7.369e+00  1.334e+03  3.880e+01  4.130e+02  5.514e+04  1.962e+03  1.093e+01 0 0 1 1 0 0 0 0 0 0 0 1  1  1  0  3 2.2
20240916  7.499e+00  1.345e+03  3.934e+01  4.193e+02  5.550e+04  1.985e+03  1.108e+01 0 0 1 1 0 0 0 0 0 0 0 1  1  1  0  3 2.2
20240917 -9.999e+03 -9.999e+03 -9.999e+03 -9.999e+03 -9.999e+03 -9.999e+03 -9.999e+03 1 1 1 1 0 0 0 0 0 0 0 0  0  0  0  0 2.2
20240918  8.012e+00  1.396e+03  4.144e+01  4.449e+02  5.711e+04  2.076e+03  1.168e+01 0 0 1 1 0 0 0 0 0 0 0 1  1  1  0  2 2.2
20240919  7.398e+00  1.369e+03  3.933e+01  4.127e+02  5.620e+04  1.979e+03  1.097e+01 0 0 1 1 0 0 0 0 0 0 0 1  1  1  0  2 2.2
20240920  7.448e+00  1.378e+03  3.960e+01  4.149e+02  5.647e+04  1.990e+03  1.103e+01 0 0 1 1 0 0 0 0 0 0 0 1  1  1  0  3 2.2
20240921  7.852e+00  1.381e+03  4.083e+01  4.354e+02  5.651e+04  2.043e+03  1.146e+01 0 0 1 1 0 0 0 0 0 0 0 1  1  1  0  3 2.2
20240922  9.112e+00  1.431e+03  4.509e+01  4.995e+02  5.815e+04  2.232e+03  1.289e+01 0 0 1 1 0 0 0 0 0 0 0 1  2  1  0  2 2.2
20240923  8.281e+00  1.422e+03  4.260e+01  4.564e+02  5.780e+04  2.118e+03  1.196e+01 0 0 1 1 0 0 0 0 0 0 0 1  1  1  0  2 2.2
20240924  8.161e+00  1.370e+03  4.162e+01  4.501e+02  5.605e+04  2.073e+03  1.175e+01 0 0 1 1 0 0 0 0 0 0 0 1  1  1  0  2 2.2
20240925  8.041e+00  1.396e+03  4.158e+01  4.433e+02  5.689e+04  2.069e+03  1.164e+01 0 0 1 1 0 0 0 0 0 0 0 1  1  1  0  3 2.2
20240926  8.338e+00  1.455e+03  4.316e+01  4.586e+02  5.903e+04  2.143e+03  1.205e+01 0 0 1 1 0 0 0 0 0 0 0 1  2  2  0  1 2.2
20240927  8.981e+00  1.477e+03  4.528e+01  4.901e+02  5.947e+04  2.230e+03  1.274e+01 0 0 1 1 0 0 0 0 0 0 0 1  1  1  0  2 2.2
20240928  8.677e+00  1.427e+03  4.385e+01  4.745e+02  5.783e+04  2.164e+03  1.234e+01 0 0 1 1 0 0 0 0 0 0 0 1  1  1  0  2 2.2
20240929  8.709e+00  1.443e+03  4.415e+01  4.756e+02  5.833e+04  2.176e+03  1.238e+01 0 0 1 1 0 0 0 0 0 0 0 1  1  1  0  2 2.2
20240930 -9.999e+03 -9.999e+03 -9.999e+03 -9.999e+03 -9.999e+03 -9.999e+03 -9.999e+03 1 1 1 1 0 0 0 0 0 0 0 0  0  0  0  0 2.2
