#AC SAF offline surface UV, time-series
#OUV EXTRACTOR VERSION: 1.20
#LONGITUDE: 25.000 (0-based index 410)
#LATITUDE: 60.000 (0-based index 300)
#COLUMN DEFINITIONS
#0: Date [YYYYMMDD]
#1: DailyDoseUva [kJ/m2]
#2: DailyDoseUvb [kJ/m2]
#3: DailyMaxDoseRateUva [mW/m2]
#4: DailyMaxDoseRateUvb [mW/m2]
#5: QC_MISSING
#6: QC_LOW_QUALITY
#7: QC_MEDIUM_QUALITY
#8: QC_INHOMOG_SURFACE
#9: QC_POLAR_NIGHT
#10: QC_LOW_SUN
#11: QC_OUTOFRANGE_INPUT
#12: QC_NO_CLOUD_DATA
#13: QC_POOR_DIURNAL_CLOUDS
#14: QC_THICK_CLOUDS
#15: QC_ALB_CLIM_IN_DYN_REG
#16: QC_LUT_OVERFLOW
#17: QC_OZONE_SOURCE
#18: QC_NUM_AM_COT
#19: QC_NUM_PM_COT
#20: QC_NOON_TO_COT
#21: Algorithm version
#DATA
20240501  1.224e+03  1.558e+01  3.932e+04  6.628e+02 0 0 0 0 0 0 0 0 0 0 0 0  1  2  0  0 2.2
20240502  1.235e+03  1.648e+01  3.951e+04  6.974e+02 0 0 0 0 0 0 0 0 0 0 0 0  1  2  0  0 2.2
20240503  9.368e+02  1.345e+01  3.224e+04  5.871e+02 0 0 0 0 0 0 0 0 0 0 0 0  1  2  0  0 2.2
20240504  1.102e+03  1.513e+01  3.509e+04  6.292e+02 0 0 0 0 0 0 0 0 0 0 0 0  1  2  1  0 2.2
20240505  1.269e+03  1.678e+01  4.002e+04  7.007e+02 0 0 0 0 0 0 0 0 0 0 0 0  1  2  1  0 2.2
20240506  1.032e+03  1.379e+01  3.460e+04  6.003e+02 0 0 0 0 0 0 0 0 0 0 0 0  1  2  0  0 2.2
20240507  1.222e+03  1.429e+01  3.853e+04  6.039e+02 0 0 0 0 0 0 0 0 0 0 0 0  1  2  0  0 2.2
20240508  1.305e+03  1.565e+01  4.076e+04  6.661e+02 0 0 0 0 0 0 0 0 0 0 0 0  1  2  0  0 2.2
20240509  1.062e+03  1.401e+01  3.868e+04  6.558e+02 0 0 0 0 0 0 0 0 0 0 0 0  1  2  1  0 2.2
20240510  1.014e+03  1.288e+01  4.073e+04  6.625e+02 0 0 0 0 0 0 0 0 0 0 0 0  1  2  1  0 2.2
20240511  1.334e+03  1.599e+01  4.132e+04  6.673e+02 0 0 0 0 0 0 0 0 0 0 0 0  1  2  0  0 2.2
20240512  1.296e+03  1.660e+01  3.972e+04  6.870e+02 0 0 0 0 0 0 0 0 0 0 0 0  1  2  0  0 2.2
20240513  1.038e+03  1.505e+01  3.442e+04  6.443e+02 0 0 0 0 0 0 0 0 0 0 0 0  1  2  0  0 2.2
20240514  1.360e+03  1.969e+01  4.179e+04  7.956e+02 0 0 0 0 0 0 0 0 0 0 0 0  1  2  1  0 2.2
20240515  1.372e+03  1.994e+01  4.188e+04  8.019e+02 0 0 0 0 0 0 0 0 0 0 0 0  1  1  1  0 2.2
20240516  1.390e+03  2.029e+01  4.233e+04  8.267e+02 0 0 0 0 0 0 0 0 0 0 0 0  1  2  0  0 2.2
20240517  1.393e+03  1.994e+01  4.230e+04  8.165e+02 0 0 0 0 0 0 0 0 0 0 0 0  1  2  0  0 2.2
20240518  1.393e+03  2.010e+01  4.223e+04  8.180e+02 0 0 0 0 0 0 0 0 0 0 0 0  1  2  0  1 2.2
20240519  1.410e+03  2.080e+01  4.260e+04  8.279e+02 0 0 0 0 0 0 0 0 0 0 0 0  1  2  1  0 2.2
20240520  1.151e+03  1.672e+01  3.983e+04  7.413e+02 0 0 0 0 0 0 0 0 0 0 0 0  1  2  0  0 2.2
20240521  1.428e+03  1.990e+01  4.289e+04  8.041e+02 0 0 0 0 0 0 0 0 0 0 0 0  1  2  0  0 2.2
20240522  1.441e+03  2.148e+01  4.314e+04  8.691e+02 0 0 0 0 0 0 0 0 0 0 0 0  1  2  0  0 2.2
20240523  1.431e+03  2.093e+01  4.277e+04  8.326e+02 0 0 0 0 0 0 0 0 0 0 0 0  1  2  0  1 2.2
20240524  1.420e+03  2.053e+01  4.231e+04  8.078e+02 0 0 0 0 0 0 0 0 0 0 0 0  1  2  1  0 2.2
20240525  1.362e+03  1.996e+01  4.163e+04  7.754e+02 0 0 0 0 0 0 0 0 0 0 0 0  1  2  0  0 2.2
20240526  1.443e+03  2.266e+01  4.268e+04  8.870e+02 0 0 0 0 0 0 0 0 0 0 0 0  1  2  0  0 2.2
20240527  1.461e+03  2.210e+01  4.325e+04  8.712e+02 0 0 0 0 0 0 0 0 0 0 0 0  1  2  0  0 2.2
20240528  1.467e+03  2.205e+01  4.333e+04  8.590e+02 0 0 0 0 0 0 0 0 0 0 0 0  1  2  0  1 2.2
20240529  1.449e+03  2.229e+01  4.266e+04  8.567e+02 0 0 0 0 0 0 0 0 0 0 0 0  1  2  1  0 2.2
20240530  1.405e+03  2.280e+01  4.167e+04  8.700e+02 0 0 0 0 0 0 0 0 0 0 0 0  1  2  0  0 2.2
20240531  1.479e+03  2.450e+01  4.349e+04  9.458e+02 0 0 0 0 0 0 0 0 0 0 0 0  1  2  0  0 2.2
20240601  9.045e+02  1.588e+01  3.219e+04  6.563e+02 0 0 0 0 0 0 0 0 0 0 0 0  1  2  0  0 2.2
20240602  1.348e+03  2.118e+01  4.229e+04  8.518e+02 0 0 0 0 0 0 0 0 0 0 0 0  1  2  1  0 2.2
20240603  1.442e+03  2.280e+01  4.220e+04  8.550e+02 0 0 0 0 0 0 0 0 0 0 0 0  1  2  1  0 2.2
20240604  1.509e+03  2.464e+01  4.409e+04  9.466e+02 0 0 0 0 0 0 0 0 0 0 0 0  1  2  0  0 2.2
20240605  1.516e+03  2.511e+01  4.421e+04  9.670e+02 0 0 0 0 0 0 0 0 0 0 0 0  1  2  0  0 2.2
20240606  5.640e+02  1.009e+01  2.369e+04  4.979e+02 0 0 0 0 0 0 0 0 0 0 0 0  1  2  0  0 2.2
20240607  1.189e+03  1.690e+01  3.861e+04  6.468e+02 0 0 0 0 0 0 0 0 0 0 0 0  1  2  1  0 2.2
20240608  1.200e+03  1.747e+01  3.837e+04  7.075e+02 0 0 0 0 0 0 0 0 0 0 0 0  1  2  1  0 2.2
20240609  3.146e+02  4.603e+00  1.383e+04  2.584e+02 0 0 0 0 0 0 0 0 0 0 0 0  1  2  0  0 2.2
20240610  1.527e+03  1.937e+01  4.407e+04  7.631e+02 0 0 0 0 0 0 0 0 0 0 0 0  1  2  0  0 2.2
20240611  1.511e+03  2.138e+01  4.399e+04  8.194e+02 0 0 0 0 0 0 0 0 0 0 0 0  1  2  0  0 2.2
20240612  1.516e+03  2.119e+01  4.384e+04  8.091e+02 0 0 0 0 0 0 0 0 0 0 0 0  1  2  1  0 2.2
20240613  1.157e+03  1.767e+01  3.416e+04  6.710e+02 0 0 0 0 0 0 0 0 0 0 0 0  1  1  1  0 2.2
20240614  1.234e+03  1.846e+01  3.820e+04  7.323e+02 0 0 0 0 0 0 0 0 0 0 0 0  1  2  0  0 2.2
20240615  1.562e+03  2.539e+01  4.494e+04  9.617e+02 0 0 0 0 0 0 0 0 0 0 0 0  1  2  0  0 2.2
20240616  1.511e+03  2.562e+01  4.473e+04  9.924e+02 0 0 0 0 0 0 0 0 0 0 0 0  1  2  0  0 2.2
20240617  1.435e+03  2.497e+01  4.341e+04  9.772e+02 0 0 0 0 0 0 0 0 0 0 0 0  1  2  1  0 2.2
20240618  1.502e+03  2.430e+01  4.586e+04  9.619e+02 0 0 0 0 0 0 0 0 0 0 0 0  1  1  1  0 2.2
20240619  5.478e+02  9.616e+00  2.094e+04  4.519e+02 0 0 0 0 0 0 0 0 0 0 0 0  1  2  0  0 2.2
20240620  1.504e+03  2.475e+01  4.261e+04  9.348e+02 0 0 0 0 0 0 0 0 0 0 0 0  1  2  0  0 2.2
20240621  1.571e+03  2.546e+01  4.554e+04  9.633e+02 0 0 0 0 0 0 0 0 0 0 0 0  1  2  0  0 2.2
20240622  1.571e+03  2.743e+01  4.508e+04  1.029e+03 0 0 0 0 0 0 0 0 0 0 0 0  1  2  1  0 2.2
20240623  1.567e+03  2.686e+01  4.503e+04  1.009e+03 0 0 0 0 0 0 0 0 0 0 0 0  1  2  0  0 2.2
20240624  1.154e+03  2.175e+01  3.372e+04  8.187e+02 0 0 0 0 0 0 0 0 0 0 0 0  1  2  0  0 2.2
20240625  1.559e+03  2.847e+01  4.490e+04  1.080e+03 0 0 0 0 0 0 0 0 0 0 0 0  1  2  0  0 2.2
20240626  1.553e+03  2.786e+01  4.460e+04  1.045e+03 0 0 0 0 0 0 0 0 0 0 0 0  1  2  0  1 2.2
20240627  1.567e+03  2.923e+01  4.512e+04  1.099e+03 0 0 0 0 0 0 0 0 0 0 0 0  1  2  1  0 2.2
20240628  1.549e+03  2.780e+01  4.455e+04  1.045e+03 0 0 0 0 0 0 0 0 0 0 0 0  1  2  0  0 2.2
20240629  1.477e+03  2.468e+01  4.389e+04  9.481e+02 0 0 0 0 0 0 0 0 0 0 0 0  1  2  0  0 2.2
20240630  1.507e+03  2.773e+01  4.365e+04  1.047e+03 0 0 0 0 0 0 0 0 0 0 0 0  1  2  0  0 2.2
20240701  9.684e+02  1.800e+01  2.976e+04  7.135e+02 0 0 0 0 0 0 0 0 0 0 0 0  1  2  1  0 2.2
20240702  1.497e+03  2.708e+01  4.297e+04  1.010e+03 0 0 0 0 0 0 0 0 0 0 0 0  1  2  1  0 2.2
20240703  5.120e+02  9.228e+00  1.610e+04  3.748e+02 0 0 0 0 0 0 0 0 0 0 0 0  1  2  0  0 2.2
20240704  1.118e+03  2.079e+01  3.308e+04  7.917e+02 0 0 0 0 0 0 0 0 0 0 0 0  1  2  0  0 2.2
20240705  6.354e+02  9.542e+00  3.770e+04  7.137e+02 0 0 0 0 0 0 0 0 0 0 0 0  1  2  0  0 2.2
20240706  1.338e+03  1.877e+01  4.286e+04  7.814e+02 0 0 0 0 0 0 0 0 0 0 0 0  1  2  1  0 2.2
20240707  5.139e+02  9.116e+00  2.480e+04  5.085e+02 0 0 0 0 0 0 0 0 0 0 0 0  1  2  1  0 2.2
20240708  1.470e+03  2.447e+01  4.311e+04  9.457e+02 0 0 0 0 0 0 0 0 0 0 0 0  1  2  0  0 2.2
20240709  1.439e+03  2.167e+01  4.227e+04  8.322e+02 0 0 0 0 0 0 0 0 0 0 0 0  1  2  0  0 2.2
20240710  1.475e+03  2.498e+01  4.329e+04  9.657e+02 0 0 0 0 0 0 0 0 0 0 0 0  1  2  0  0 2.2
20240711  6.518e+02  1.269e+01  2.430e+04  5.584e+02 0 0 0 0 0 0 0 0 0 0 0 0  1  2  1  0 2.2
20240712  9.236e+02  1.719e+01  3.230e+04  7.563e+02 0 0 0 0 0 0 0 0 0 0 0 0  1  1  1  0 2.2
20240713  1.440e+03  2.566e+01  4.253e+04  9.869e+02 0 0 0 0 0 0 0 0 0 0 0 0  1  2  0  0 2.2
20240714  7.918e+02  1.599e+01  2.646e+04  6.676e+02 0 0 0 0 0 0 0 0 0 0 0 0  1  2  0  0 2.2
20240715  1.386e+03  2.297e+01  4.091e+04  8.740e+02 0 0 0 0 0 0 0 0 0 0 0 0  1  2  0  0 2.2
20240716  1.217e+03  2.070e+01  3.859e+04  8.304e+02 0 0 0 0 0 0 0 0 0 0 0 0  1  2  1  0 2.2
20240717  8.862e+02  1.768e+01  3.065e+04  7.663e+02 0 0 0 0 0 0 0 0 0 0 0 0  1  1  1  0 2.2
20240718  1.314e+03  2.296e+01  4.130e+04  9.212e+02 0 0 0 0 0 0 0 0 0 0 0 0  1  2  0  0 2.2
20240719  1.100e+03  1.843e+01  3.479e+04  7.424e+02 0 0 0 0 0 0 0 0 0 0 0 0  1  2  0  0 2.2
20240720  1.247e+03  2.126e+01  3.833e+04  8.312e+02 0 0 0 0 0 0 0 0 0 0 0 0  1  2  0  0 2.2
20240721  1.124e+03  2.095e+01  3.810e+04  8.916e+02 0 0 0 0 0 0 0 0 0 0 0 0  1  2  1  0 2.2
20240722  1.356e+03  2.393e+01  4.135e+04  9.291e+02 0 0 0 0 0 0 0 0 0 0 0 0  1  1  1  0 2.2
20240723  1.264e+03  2.247e+01  4.042e+04  9.157e+02 0 0 0 0 0 0 0 0 0 0 0 0  1  2  0  0 2.2
20240724  1.050e+03  1.971e+01  3.289e+04  7.863e+02 0 0 0 0 0 0 0 0 0 0 0 0  1  2  0  0 2.2
20240725  1.255e+03  2.210e+01  3.889e+04  8.765e+02 0 0 0 0 0 0 0 0 0 0 0 0  1  2  0  0 2.2
20240726  1.319e+03  2.203e+01  4.037e+04  8.721e+02 0 0 0 0 0 0 0 0 0 0 0 0  1  2  1  0 2.2
20240727  1.202e+03  1.937e+01  3.906e+04  7.877e+02 0 0 0 0 0 0 0 0 0 0 0 0  1  1  1  0 2.2
20240728  7.554e+02  1.208e+01  2.733e+04  5.277e+02 0 0 0 0 0 0 0 0 0 0 0 0  1  2  0  0 2.2
20240729  9.853e+02  1.610e+01  3.229e+04  6.805e+02 0 0 0 0 0 0 0 0 0 0 0 0  1  2  0  0 2.2
20240730  1.150e+03  1.660e+01  3.808e+04  7.104e+02 0 0 0 0 0 0 0 0 0 0 0 0  1  2  1  0 2.2
20240731  1.169e+03  1.802e+01  3.690e+04  7.400e+02 0 0 0 0 0 0 0 0 0 0 0 0  1  2  1  0 2.2
20240801  8.868e+02  1.481e+01  2.846e+04  5.964e+02 0 0 0 0 0 0 0 0 0 0 0 0  1  2  0  0 2.2
20240802  9.431e+02  1.568e+01  2.937e+04  6.248e+02 0 0 0 0 0 0 0 0 0 0 0 0  1  2  0  0 2.2
20240803  9.572e+02  1.607e+01  3.682e+04  7.668e+02 0 0 0 0 0 0 0 0 0 0 0 0  1  2  0  0 2.2
20240804  6.882e+02  1.190e+01  2.819e+04  5.920e+02 0 0 0 0 0 0 0 0 0 0 0 0  1  2  1  0 2.2
20240805  9.299e+02  1.538e+01  3.316e+04  6.687e+02 0 0 0 0 0 0 0 0 0 0 0 0  1  2  1  0 2.2
20240806  7.185e+02  1.192e+01  2.531e+04  5.327e+02 0 0 0 0 0 0 0 0 0 0 0 0  1  2  0  0 2.2
20240807  8.610e+02  1.408e+01  2.854e+04  5.593e+02 0 0 0 0 0 0 0 0 0 0 0 0  1  2  0  0 2.2
20240808  1.181e+03  1.895e+01  3.785e+04  7.858e+02 0 0 0 0 0 0 0 0 0 0 0 0  1  2  0  0 2.2
20240809  1.068e+03  1.700e+01  3.726e+04  7.502e+02 0 0 1 1 0 0 0 0 0 0 0 0  1  2  1  0 2.2
20240810  8.137e+02  1.276e+01  3.376e+04  6.578e+02 0 0 0 0 0 0 0 0 0 0 0 0  1  1  1  0 2.2
20240811  8.105e+02  1.180e+01  3.160e+04  5.453e+02 0 0 0 0 0 0 0 0 0 0 0 0  1  2  0  0 2.2
20240812  5.777e+02  8.783e+00  2.293e+04  4.196e+02 0 0 0 0 0 0 0 0 0 0 0 0  1  2  0  0 2.2
20240813  1.143e+03  1.811e+01  3.729e+04  7.648e+02 0 0 0 0 0 0 0 0 0 0 0 0  1  2  0  0 2.2
20240814  1.141e+03  1.748e+01  3.737e+04  7.410e+02 0 0 0 0 0 0 0 0 0 0 0 0  1  2  1  0 2.2
20240815  1.141e+03  1.962e+01  3.737e+04  8.236e+02 0 0 0 0 0 0 0 0 0 0 0 0  1  1  1  0 2.2
20240816  6.485e+02  1.302e+01  2.157e+04  5.458e+02 0 0 0 0 0 0 0 0 0 0 0 0  1  2  0  0 2.2
20240817  1.030e+03  1.765e+01  3.592e+04  7.752e+02 0 0 0 0 0 0 0 0 0 0 0 0  2  2  0  0 2.2
20240818  1.047e+03  1.666e+01  3.453e+04  7.079e+02 0 0 0 0 0 0 0 0 0 0 0 0  1  2  0  0 2.2
20240819  9.383e+02  1.466e+01  3.313e+04  6.557e+02 0 0 0 0 0 0 0 0 0 0 0 0  1  2  1  0 2.2
20240820  1.031e+03  1.692e+01  3.429e+04  7.207e+02 0 0 0 0 0 0 0 0 0 0 0 0  1  1  1  0 2.2
20240821  1.024e+03  1.624e+01  3.437e+04  7.060e+02 0 0 0 0 0 0 0 0 0 0 0 0  1  2  0  0 2.2
20240822  9.292e+02  1.477e+01  3.414e+04  6.819e+02 0 0 0 0 0 0 0 0 0 0 0 0  1  2  0  0 2.2
20240823  8.805e+02  1.379e+01  3.023e+04  6.035e+02 0 0 0 0 0 0 0 0 0 0 0 0  1  2  0  1 2.2
20240824  8.399e+02  1.436e+01  3.177e+04  6.790e+02 0 0 0 0 0 0 0 0 0 0 0 0  1  2  1  0 2.2
20240825  9.817e+02  1.617e+01  3.365e+04  7.069e+02 0 0 0 0 0 0 0 0 0 0 0 0  1  2  0  0 2.2
20240826  9.722e+02  1.536e+01  3.355e+04  6.834e+02 0 0 0 0 0 0 0 0 0 0 0 0  1  2  0  0 2.2
20240827  8.934e+02  1.295e+01  3.074e+04  5.725e+02 0 0 0 0 0 0 0 0 0 0 0 0  1  2  0  0 2.2
20240828  9.069e+02  1.494e+01  3.212e+04  6.709e+02 0 0 0 0 0 0 0 0 0 0 0 0  1  2  1  0 2.2
20240829  9.382e+02  1.532e+01  3.321e+04  6.876e+02 0 0 0 0 0 0 0 0 0 0 0 0  1  2  1  0 2.2
20240830  9.180e+02  1.429e+01  3.211e+04  6.438e+02 0 0 0 0 0 0 0 0 0 0 0 0  1  2  0  0 2.2
20240831  3.324e+02  6.009e+00  1.494e+04  3.284e+02 0 0 0 0 0 0 0 0 0 0 0 0  1  2  0  0 2.2
20240901  6.085e+02  8.736e+00  2.565e+04  4.515e+02 0 0 0 0 0 0 0 0 0 0 0 0  1  2  0  0 2.2
20240902  8.389e+02  1.280e+01  3.029e+04  5.828e+02 0 0 0 0 0 0 0 0 0 0 0 0  1  2  1  0 2.2
20240903  5.995e+02  9.458e+00  2.304e+04  4.552e+02 0 0 0 0 0 0 0 0 0 0 0 0  1  2  1  0 2.2
20240904  8.471e+02  1.368e+01  3.061e+04  6.279e+02 0 0 1 1 0 0 0 0 0 0 0 0  1  2  0  0 2.2
20240905  8.543e+02  1.338e+01  3.110e+04  6.211e+02 0 0 0 0 0 0 0 0 0 0 0 0  1  2  0  0 2.2
20240906  8.425e+02  1.308e+01  3.085e+04  6.097e+02 0 0 0 0 0 0 0 0 0 0 0 0  1  2  0  0 2.2
20240907  8.126e+02  1.199e+01  2.980e+04  5.604e+02 0 0 0 0 0 0 0 0 0 0 0 0  1  2  1  0 2.2
20240908  7.671e+02  1.104e+01  2.842e+04  5.207e+02 0 0 0 0 0 0 0 0 0 0 0 0  1  1  1  0 2.2
20240909  7.900e+02  1.131e+01  2.943e+04  5.402e+02 0 0 0 0 0 0 0 0 0 0 0 0  1  2  0  0 2.2
20240910  6.625e+02  9.785e+00  2.455e+04  4.580e+02 0 0 0 0 0 0 0 0 0 0 0 0  1  2  0  0 2.2
20240911  6.342e+02  9.128e+00  2.759e+04  4.872e+02 0 0 0 0 0 0 0 0 0 0 0 0  1  2  0  1 2.2
20240912  6.859e+02  9.745e+00  2.568e+04  4.657e+02 0 0 0 0 0 0 0 0 0 0 0 0  1  2  1  0 2.2
20240913  3.063e+02  4.760e+00  1.402e+04  2.694e+02 0 0 0 0 0 0 0 0 0 0 0 0  1  2  0  0 2.2
20240914  3.311e+02  5.047e+00  1.348e+04  2.579e+02 0 0 0 0 0 0 0 0 0 0 0 0  1  2  0  0 2.2
20240915  3.484e+02  5.079e+00  1.363e+04  2.519e+02 0 0 0 0 0 0 0 0 0 0 0 0  1  2  0  0 2.2
20240916 -9.999e+03 -9.999e+03 -9.999e+03 -9.999e+03 1 1 1 0 0 0 0 0 0 0 0 0  0  0  0  0 2.2
20240917  5.231e+02  6.858e+00  2.120e+04  3.536e+02 0 0 0 0 0 0 0 0 0 0 0 0  1  2  1  0 2.2
20240918  5.769e+02  7.410e+00  2.322e+04  3.771e+02 0 0 1 1 0 0 0 0 0 0 0 0  1  2  0  0 2.2
20240919  5.278e+02  7.681e+00  2.211e+04  3.993e+02 0 0 1 1 0 0 0 0 0 0 0 0  1  3  0  0 2.2
20240920  6.324e+02  8.490e+00  2.526e+04  4.318e+02 0 0 0 0 0 0 0 0 0 0 0 0  1  2  0  0 2.2
20240921  6.156e+02  7.743e+00  2.473e+04  3.958e+02 0 0 0 0 0 0 0 0 0 0 0 0  1  2  0  1 2.2
20240922  5.813e+02  6.875e+00  2.338e+04  3.540e+02 0 0 0 0 0 0 0 0 0 0 0 0  1  2  1  0 2.2
20240923  4.859e+02  6.081e+00  2.036e+04  3.203e+02 0 0 0 0 0 0 0 0 0 0 0 0  1  2  0  0 2.2
20240924  5.317e+02  6.228e+00  2.253e+04  3.339e+02 0 0 0 0 0 0 0 0 0 0 0 0  1  2  0  0 2.2
20240925  1.501e+02  1.984e+00  6.096e+03  1.027e+02 0 0 0 0 0 0 0 0 0 0 0 0  1  2  0  0 2.2
20240926  3.828e+02  4.304e+00  1.877e+04  2.700e+02 0 0 0 0 0 0 0 0 0 0 0 0  1  2  1  0 2.2
20240927  3.057e+02  3.553e+00  1.645e+04  2.355e+02 0 0 0 0 0 0 0 0 0 0 0 0  1  1  1  0 2.2
20240928  2.885e+02  3.228e+00  1.580e+04  2.150e+02 0 0 0 0 0 0 0 0 0 0 0 0  1  2  0  0 2.2
20240929  4.966e+02  4.119e+00  2.095e+04  2.256e+02 0 0 0 0 0 0 0 0 0 0 0 0  1  2  0  0 2.2
20240930 -9.999e+03 -9.999e+03 -9.999e+03 -9.999e+03 1 1 1 0 0 0 0 0 0 0 0 0  0  0  0  0 2.2
